[0.3844405522702762, 0.30190584606456683, 0.5646533374552833, 0.40513591889196776, 0.3270431931359379]
[0.16052612820213086, 0.11537203295400666, 0.5742277795977874, 0.4457040179482862, 0.35187007082603006]
[0.24337602086706578, 0.15423059184231458, 0.5445897872779049, 0.4327671435297529, 0.3883846482445672]
[0.2670113850594378, 0.1701225527437631, 0.589366705061705, 0.41314869726601766, 0.4951491772008937]
[0.20135560839058186, 0.19411397539228425, 0.5653067274663883, 0.414769458472249, 0.23589469389807105]
[0.0004949972580681195, 0.2073406570922206, 0.5525634130316374, 0.5118736590338593, 0.504033674011861]
[0.20868565790818872, 0.1966290315026623, 0.5481047101230075, 0.4659674065965925, 0.337891894106762]
[0.13561471709922612, 0.3087605445233801, 0.6635336591520838, 0.5270011198062221, 0.27636452998333483]
[0.12206552426119455, 0.12115682239484415, 0.5908695912645001, 0.3873518387592162, 0.2571023951584811]
[-0.07685536372885649, 0.1519510900969857, 0.5638145608895675, 0.43455839418388087, 0.24494500649090534]
[0.10997924215206356, 0.07865740286253975, 0.4290520917134608, 0.3793727235442176, 0.3666097579510995]
