[0.3647380790206298, 0.2770272610965355, 0.5649269872643572, 0.45370144484512887, 0.29652628812252413]
[0.3065205619227285, 0.19818435004909318, 0.5385180122048778, 0.44256336364258797, 0.3787955803643499]
[0.06802056157936831, 0.21433242682305365, 0.5785994962407676, 0.39895985069562034, 0.3557106410495494]
[0.13919326632193818, 0.27451896313835467, 0.5167413574336797, 0.36666148196409476, 0.4200448867047921]
[0.2528133896345389, 0.15401389663904097, 0.607113291129108, 0.4533684482684286, 0.40292921040943586]
[0.0815183761276107, 0.21972758965913253, 0.5615855006662506, 0.4362825694203726, 0.3967720514636437]
[0.09302525194033817, 0.20014451218906504, 0.5478839547819201, 0.45642283514704685, 0.4097724754016593]
[0.025083306657283866, 0.29785298030412755, 0.6699949449660205, 0.5337666162974022, 0.3058266767001607]
[0.23394649780095478, 0.20844179432131138, 0.5825343747952768, 0.4495870537291924, 0.3571626114680686]
[-0.1942610559974951, 0.17130462728342988, 0.5112251137190489, 0.4129354710911699, 0.2637830373709892]
[0.20470761327689846, 0.11573330411792637, 0.5362087219860668, 0.3777958072486528, 0.31806431616169994]
