[0.02797312103990124, -0.15139353559248492, 0.14321670068429837, -0.03914423531217337, 0.12399993055269232]
[0.005206116839638564, 0.14068546837245544, 0.10039497212087412, -0.07651755100468471, 0.1150989038449074]
[-0.014260948994533784, 0.014947046162242739, 0.0998525118580127, -0.03641457047287311, 0.08570830574037747]
[-0.023396935219243353, 0.05429845435197378, 0.004435444034151859, -0.05108504524829871, 0.05454691477596785]
[-0.0017734252054535382, -0.1907496889312177, 0.09234345506301689, -0.020704668710186613, 0.11480280263281117]
[0.02348363920479568, -0.3252486040844502, 0.14971203774030128, 0.021311119962252878, 0.2019560265302942]
[0.003618110536538932, 0.03234808942656564, 0.1886931116136904, 0.07562483663480712, 0.13500588079137021]
[0.004634355858688655, 0.07360293410765684, 0.1822394364285259, 0.06387684452584907, 0.15598635828147167]
[0.005777199226663865, 0.022332324123808256, 0.16418752506248047, 0.10526017504995677, 0.17595092059071848]
[-0.014235715050058717, 0.0806749732169918, 0.2016243070204261, 0.09428714008918837, 0.19606286033052134]
[0.009248892618702653, 0.047691314975946475, 0.05870014533780432, 0.08543259343463794, 0.2076672618444727]
