[42.26753234863281, 15.510138696961642, 9.60893440246582, 11.887319564819336, 18.03465461730957]
[43.775474548339844, 13.969930046256174, 10.49176025390625, 12.735572814941406, 18.436901092529297]
[42.6820182800293, 15.244952289692083, 10.575587272644043, 12.894569396972656, 17.63457489013672]
[43.3184700012207, 15.615278621082625, 11.304490089416504, 12.326391220092773, 18.773469924926758]
[42.83876419067383, 15.260712961759772, 10.791972160339355, 13.918233871459961, 18.127338409423828]
[42.69462966918945, 15.878007708588196, 9.951356887817383, 12.37378215789795, 18.705909729003906]
[42.515254974365234, 16.020347419034504, 9.870755195617676, 11.418871879577637, 19.119115829467773]
[42.939064025878906, 14.014004960885218, 10.780723571777344, 12.415419578552246, 19.09952735900879]
[42.4101448059082, 15.237056299837988, 10.006253242492676, 12.657033920288086, 19.185474395751953]
[43.48026657104492, 15.549849499516665, 9.818534851074219, 13.090481758117676, 19.654726028442383]
[42.204341888427734, 15.462023948807843, 10.42635440826416, 11.941347122192383, 19.09947967529297]
