[0.07831672246388632, 0.21905204609521467, 0.5312488089728267, 0.23828393223387512, -0.05175428252309833]
[-0.34118672819805873, 0.13911447283143863, 0.43422040298021236, 0.11808344509240065, -0.21565689417015688]
[-0.4305283428547082, 0.12935259731927584, 0.4096477437380017, 0.07621716704268744, -0.240200934906585]
[-0.2834408069795016, 0.164972401712852, 0.406492163822469, 0.16125855604763617, -0.10506017894042774]
[-0.4375397997198833, 0.11286759500894694, 0.34795285857587843, 0.11647334612663629, -0.2540695932500192]
[-0.6584637352929228, 0.0940163859726243, 0.3415150145378164, 0.08124238258678318, -0.3519255373128285]
[-0.6682771990522358, 0.11131044380021904, 0.38076805156245996, 0.06893028369279675, -0.3669625724280836]
[-0.3236634023311009, 0.18797597733830884, 0.401113757055503, 0.1599214085897388, -0.20940626333356116]
[-0.7700174402368616, 0.09262826181513417, 0.36603482626694017, 0.059235666015208244, -0.3802848165854176]
[-0.3781056817346442, 0.09787969854383927, 0.2920707155922093, 0.021494380739221275, -0.3264595460277748]
[-0.6245591851266663, 0.017552575822436745, 0.18249898136456533, -0.11070011284082226, -0.5057150090763785]
