[1.3016860117396183, 5.605421203008779, 2.3123743600444375, 1.716999986508902, 1.4478209896150902]
[1.3600241504587791, 5.903160011712928, 2.381521189332778, 1.7344149966338367, 1.3605302442083662]
[1.5766416370677219, 5.843414656978536, 2.2757502433971935, 1.8009721942013874, 1.3855793790839657]
[1.5152442822131358, 5.615136571122503, 2.437063736666588, 1.8487288413998657, 1.3145833365492547]
[1.41170634414426, 6.0635771218116385, 2.1974082018641257, 1.71752320591928, 1.3338403293567904]
[1.5651827827486107, 5.823316791357318, 2.3212372272587825, 1.7441586962805564, 1.3407001546135398]
[1.5553474584947253, 5.895940003419672, 2.357230396320634, 1.7127180231130503, 1.3261744643078455]
[1.6125514476205256, 5.5240972997791085, 2.013897528207989, 1.586196361513996, 1.4382185700416874]
[1.4294184298337647, 5.865279584719651, 2.2651002761393664, 1.7234535621776819, 1.384017227714059]
[1.7847585095790905, 6.001291856650873, 2.4509334232067457, 1.7799105863286466, 1.4811322617182467]
[1.45644214822897, 6.199246783405119, 2.3874724081917207, 1.8324061151615123, 1.4254849624290429]
