[1.5679083755390886, 5.82583709902314, 2.400204605519208, 2.02745780335356, 1.7703049207921688]
[1.8913610873175615, 6.116739631325698, 2.6369428264578914, 2.1815692996340803, 1.9032526392383005]
[1.9533409713118441, 6.151321774630829, 2.6935974133671174, 2.232750572799108, 1.9223699063770463]
[1.8501960431972697, 6.0241767530335375, 2.7007867936007273, 2.127498768021684, 1.814612493598171]
[1.9581220807698085, 6.209283838996455, 2.830848126233979, 2.1835598171718016, 1.9330885611731103]
[2.1032108610068336, 6.274909442099965, 2.844788679181144, 2.226669406909989, 2.0070921756002718]
[2.109424244117421, 6.214730914697876, 2.7586953965753547, 2.241539345394136, 2.0182234308306723]
[1.8789646377445788, 5.940619409364422, 2.7129965477296967, 2.129193954711162, 1.898353287518772]
[2.1727942276753445, 6.279714727404279, 2.791320936980586, 2.2531789637100768, 2.028034260027597]
[1.9172161897479727, 6.261516354943175, 2.949660358208592, 2.297930702783296, 1.9880986791796047]
[2.081601513800075, 6.534343340014326, 3.16972236284242, 2.4482382215354788, 2.118177359837997]
