[0.15743135184913937, 0.2880223744692111, 0.14687472928088718, -0.5495083045699065, -0.279524370120388]
[0.2282653268291177, 0.3353327085766521, 0.1364929416220555, -1.0023651376274145, -0.30419602598241924]
[0.17393073116253155, 0.3233742701905673, 0.04722005103908011, -0.8101005835985629, -0.14233615809723865]
[0.17354930592457873, 0.2695940147051682, 0.13674143332705369, -0.5770489269572987, -0.19079362526733057]
[0.12343652046237652, 0.289588941815787, 0.1288763372904358, -0.8057514602635418, -0.27010560858167154]
[0.19470811359548068, 0.2585114970461865, 0.20963715008915607, -1.233569667384503, -0.5788119021476461]
[0.17391032928501005, 0.27383769556209636, 0.12644768745302504, -1.8888561570202995, -0.9887744200916331]
[0.20291010407083154, 0.29115523217551764, 0.15608143113246375, -1.1132932357434382, -0.4736337916416369]
[0.12111781287042267, 0.25589630199536806, 0.01207773392498157, -1.0306828822118401, -0.26824609227681084]
[0.24276179505136064, 0.2880086659717055, 0.15018497382773666, -1.2590558515607624, -0.5341234518720115]
[0.2506667552232674, 0.3050460164710572, 0.22937585968996255, -0.9951106687710274, -0.31050749278112577]
