[0.4236332922129355, 1.2265794873279592, 0.49709802520435425, 0.35301612572078594, 0.39228909547700047]
[0.46306863368819895, 1.274209046137202, 0.5427684013286255, 0.4356410062416342, 0.37765592064988257]
[0.4364755431351117, 1.2567231033445916, 0.5696057291808574, 0.4045300553555574, 0.34910105182452406]
[0.4605612503638465, 1.275074813488729, 0.525702534267334, 0.36579805198989757, 0.3744468555385979]
[0.4672184621900734, 1.255286979978398, 0.5576750559894381, 0.3417947394260584, 0.3945530359345426]
[0.4085733784552361, 1.2552304772759126, 0.46144919772946497, 0.3898268571679059, 0.3956763449461886]
[0.433095094124742, 1.2175533678977808, 0.49133711856465195, 0.449716238759882, 0.5122117876318868]
[0.4421312687848514, 1.264052956167507, 0.4818048373564763, 0.33827896865049806, 0.379725463557051]
[0.42514184187135184, 1.291169979203506, 0.5249219482027986, 0.34184610963195483, 0.4164353652878461]
[0.42103253578708494, 1.2516403985947095, 0.5409919386686249, 0.39316455938996137, 0.3888361903720393]
[0.4180114959019559, 1.2423636336159982, 0.5136219462277195, 0.3576672423065026, 0.4340131040946394]
