[10.83487606048584, 13.802678964464777, 13.884754180908203, 19.4073543548584, 15.421612739562988]
[10.60344409942627, 13.698709803781204, 14.039102554321289, 19.216529846191406, 15.2369384765625]
[10.558900833129883, 13.090592119657956, 13.773416519165039, 19.35720443725586, 15.209686279296875]
[11.273372650146484, 13.025814198250664, 13.753941535949707, 19.22112464904785, 15.137713432312012]
[10.73293399810791, 14.038066438317372, 13.975433349609375, 19.384021759033203, 15.291370391845703]
[10.186806678771973, 13.532129212015226, 13.452001571655273, 19.088581085205078, 15.333148002624512]
[11.72091293334961, 13.99464785954351, 13.796866416931152, 19.120485305786133, 15.444525718688965]
[11.176462173461914, 14.176369733403654, 13.909574508666992, 19.3713321685791, 15.129258155822754]
[10.643991470336914, 13.682846844866166, 13.792159080505371, 19.34657859802246, 15.976163864135742]
[11.29746150970459, 13.514644874363528, 13.672822952270508, 19.28473472595215, 15.47208309173584]
[10.510980606079102, 14.124819079242997, 13.688005447387695, 19.410715103149414, 15.307480812072754]
