[10.54763412475586, 14.809184794245393, 13.348567228420007, 19.282280895600202, 15.327578345291368]
[9.947970390319824, 14.455258299342576, 13.346898950338963, 19.294818861788144, 15.00286002324219]
[10.253002166748047, 14.292944928938383, 13.292580816263724, 19.401880716682566, 15.096188311248689]
[10.64806079864502, 13.960821604998662, 12.984743725878628, 19.538133980867634, 15.300818804548069]
[10.771441459655762, 14.158061521182105, 13.018304519441646, 19.280977096226724, 15.289618998778419]
[10.299696922302246, 14.352366207798193, 13.029112174705068, 19.38552175912394, 15.270758739627631]
[10.661704063415527, 14.375833603645702, 13.185353318204406, 19.49245700088175, 15.609520337735706]
[10.275284767150879, 13.996805051812913, 13.051706687279346, 19.601167557984038, 15.48148263862901]
[10.715851783752441, 14.349324789644289, 13.053866668333495, 19.47989452913295, 15.272755646624699]
[10.329048156738281, 14.178474923047105, 13.019300426224143, 19.440830090719366, 15.384183641980554]
[10.48417854309082, 14.323417018166422, 13.036422073146188, 19.3387447972129, 15.247664530233928]
