[0.4757237669583141, 0.35640154254760525, 0.21001588111567182, -0.009802076736975751, 0.17473781180460168]
[0.3735726164856501, 0.3054476780784475, 0.0581897833262327, -0.5378170647251552, 0.2351573982337256]
[0.4434555799755431, 0.32437953245685647, -0.03724889952790944, -0.3260159824681437, 0.34644552987333477]
[0.3803380980348009, 0.3045035237245399, 0.1164839846284138, -0.08425129009986665, 0.24810040551523949]
[0.3622947447573671, 0.3259227840225546, 0.00574742567023967, 0.053375110311067786, 0.1651849810941458]
[0.5123366292498116, 0.32598346548871826, 0.31925873780942016, -0.23137599781437945, 0.16042470775966078]
[0.4520429318877003, 0.36583887999517906, 0.22822015247119853, -0.6387937928240148, -0.40694983315694433]
[0.42893904699515195, 0.3164754198367351, 0.257875794309947, 0.07274930715042638, 0.22675180177953425]
[0.47198324452753937, 0.2868343136929734, 0.11910580295959683, 0.05309054203550112, 0.07001769861382057]
[0.482141248223683, 0.32983345486573346, 0.06434472047426443, -0.2525523796823541, 0.1892016919491677]
[0.4895461826369456, 0.33973076786660583, 0.15662362864836366, -0.036586392016330294, -0.010148351435559588]
