[-0.11848114528878595, 0.07183313289714222, 0.009059282414418557, -0.12144747478065243, -0.07952218821570889]
[-0.2179346195525318, -0.18720606337975965, -0.09136154349079151, -0.15359474240699544, -0.13247520666791313]
[-0.17143128697466836, 0.003478321205117818, -0.03482739605403662, -0.1423660168873795, -0.10348053365295518]
[-0.09293310443345115, 0.034621049360389566, -0.023454872363949386, -0.15828697233740185, -0.09107486885030647]
[-0.1322862158773206, 0.047258535404337776, -0.06400065371412467, -0.1318624698546298, -0.1190127337948188]
[-0.08659524389435824, 0.11100351560072397, -0.023063136221958658, -0.15265351964188212, -0.05509791116532736]
[-0.0981374222915139, 0.13726360435374552, -0.0809728546036046, -0.17238298188431012, -0.05927467770465311]
[-0.13171830601272938, 0.0681239197653919, -0.10747862315289325, -0.18091277489044555, -0.05034738719280374]
[-0.08476279023728517, 0.17883376494697656, -0.10931401277059716, -0.1928418890388648, -0.04290305384690618]
[-0.09846236967638733, 0.07956479648362225, -0.15586077373853735, -0.17521148430787092, -0.06806931531294369]
[-0.15967844459948877, 0.0760037451704011, -0.13762625331447742, -0.13459592144265264, -0.09944098027460191]
