[-0.19634664304723626, 0.11723420091467462, -0.0644192207472416, -0.23307081433137333, -0.27258052015807155]
[-0.2107959675443043, 0.07745849324004295, -0.087712479575762, -0.23018753357526123, -0.39932200460253164]
[-0.25555264499032515, 0.0570502405104949, -0.11110496048688878, -0.21383016859146298, -0.2879556779540471]
[-0.13030540062346563, 0.10756923975679133, -0.07202415632603754, -0.17268404184532526, -0.3604388202371005]
[-0.14720074336106248, 0.1232047738587172, -0.04835663091206954, -0.20062903673521082, -0.3507037975147067]
[-0.13125367942551303, 0.1182802308154971, -0.015067799599499221, -0.18745632090725084, -0.2500029847055427]
[-0.11142841590432107, 0.13918127989362394, -0.3104826946294288, -0.2158724069518927, -0.2638080943955985]
[-0.15470968114707273, 0.04740114899408421, -0.1667493833398852, -0.2312878510518197, -0.27551986384432214]
[-0.07221296101629471, 0.11897038297100937, -0.15231702356473842, -0.24168070959866084, -0.2615098022519293]
[-0.08129078996186512, 0.034259339635011044, -0.226061499630686, -0.22335585977106565, -0.275314019463587]
[-0.11741643842468785, 0.009912616497472992, -0.5165465533997977, -0.24801582214088214, -0.25555762722175324]
