[16.973122934524522, 10.335578442734544, 10.436924922943792, 10.796601758406961, 12.518747028096607]
[16.923715652825237, 10.14460745279801, 10.603989173647118, 10.247205989538958, 12.121712081951372]
[16.46838654549315, 10.200032562588731, 10.263591707927889, 10.49750779140053, 11.783666892415544]
[15.77049122229664, 9.878767020108029, 10.188587627522553, 10.059083748505172, 11.430379467453948]
[15.836651759235417, 10.098128244571376, 10.147571721462757, 10.208079100755002, 11.57490558867491]
[15.548590747875215, 9.727652205137584, 10.15634744080666, 9.834597934460655, 11.519856929620456]
[14.950983614743084, 9.976717688753423, 9.83106021908366, 9.517859003354557, 10.923456534814123]
[15.686934992965586, 10.095158745685863, 9.84762340554803, 10.186983327564153, 11.191195815192717]
[15.089370980613094, 9.789091974051091, 9.823090724041359, 10.113098048997525, 11.012220926325101]
[15.40931654966747, 9.789377633582143, 10.209645098886098, 10.570776822166813, 11.563017204421676]
[16.503890081063084, 10.584741829262097, 10.456248863997734, 11.073726507182435, 12.64851603330719]
