[-0.12447716618204296, 0.20267955215541655, 0.31310863413626877, 0.366095903575662, -1.3400787146376136]
[-0.18023965958081245, 0.13554380375917852, 0.2937421190002274, 0.43709423850266993, -1.5306079755161353]
[-0.12591886397735075, 0.2893270275764305, 0.3207466343420131, 0.4518643346207337, -0.9390280157378792]
[0.029734372755029215, 0.3592305687136109, 0.41301114592960186, 0.4580849357606399, -0.8505975627092703]
[-0.015648500461323822, 0.33899977660850467, 0.42054171847345434, 0.4833718973965384, -0.8959757011788572]
[0.14664979789035493, 0.36197904902057276, 0.41050640747730915, 0.5812661870141342, -0.4504051413641428]
[0.17161145174004644, 0.2596576702496455, 0.4267109813149583, 0.4972207423330336, -0.5546808813962543]
[0.16342773734767657, 0.34820487423388036, 0.4905754108346493, 0.5384436918385809, -0.6000637363235086]
[0.025460866848331598, 0.1578828112005236, 0.3649704106600371, 0.4255537237278483, -0.6422157392982313]
[-0.006845735919767559, 0.18996010200737912, 0.34953874840162646, 0.36954240531216986, -1.1152533886407698]
[-0.14814183093678368, 0.079304362706489, 0.34947972528709537, 0.39511160555340374, -1.3944280895594479]
