[15.773854482437137, 9.14099903602469, 10.090796448536167, 10.199250000946943, 12.431321508851136]
[16.160232755048295, 9.518065911703177, 10.232059820251953, 9.61112675612856, 12.927498669653042]
[15.783963112231502, 8.63002615020387, 10.034536487634522, 9.484195303526123, 11.316030452463652]
[14.652368508412598, 8.194606514757126, 9.328167683674465, 9.43022532704237, 11.054982475335636]
[14.991124997165773, 8.322963983014278, 9.268138263583548, 9.207579372090853, 11.18970015470962]
[13.741247354841857, 8.177012886393065, 9.348048596562066, 8.289445374245696, 9.786935605258936]
[13.53878067399384, 8.80832849629002, 9.218669142889466, 9.083330873327744, 10.13264190120548]
[13.605491647714318, 8.264807950930237, 8.690031864660824, 8.702996392953287, 10.279469606606943]
[14.68460101484113, 9.394279519500733, 9.702382632631966, 9.70914903071905, 10.413990343116053]
[14.926018552628491, 9.213622561270546, 9.819562353473485, 10.171485830563633, 11.81906892345094]
[15.938970968778694, 9.822798941550491, 9.82000785887811, 9.963090703113437, 12.574854390098846]
