[43.33477020263672, 16.808514879060763, 11.470983961082318, 13.836254618897668, 18.664129328755514]
[43.839332580566406, 14.520899764403921, 11.754146878063228, 14.082870523933511, 18.7587126734824]
[44.266197204589844, 15.547022903043818, 11.757690209021998, 13.818069860745519, 19.06768866014865]
[44.46511459350586, 15.233317675103704, 12.365164247785698, 13.915523773221446, 19.389903895200902]
[43.99285125732422, 17.093369783339433, 11.806629855600711, 13.712943281309705, 18.76185088463894]
[43.434730529785156, 18.032922957389054, 11.42742005317849, 13.427741006588823, 17.814312890686637]
[43.874305725097656, 15.409091312108417, 11.162404542424673, 13.049827264807817, 18.546511889259236]
[43.851932525634766, 15.077038192106848, 11.206713200834155, 13.132491338014841, 18.320207905289923]
[43.826744079589844, 15.488632587489391, 11.32973105572947, 12.838935386331876, 18.102235232709543]
[44.26564407348633, 15.019379505285496, 11.073089988363035, 12.917423439016128, 17.879966921576912]
[43.750160217285156, 15.286438804911864, 12.023451948969244, 12.98041235232383, 17.75045399299636]
