[0.07526117972090929, 0.01961543801726473, 0.3987983766371822, 0.23298014541164203, 0.1820923503760744]
[0.008102111753410801, 0.20465864695540714, 0.28325223573872993, 0.11960871444334353, 0.14519990000532312]
[0.057035930889151265, 0.05285332269820209, 0.27175312791486006, 0.09748923197266146, 0.21797853561566105]
[0.028704157299036637, 0.006278751495562784, 0.16790747053389032, 0.17527229808428202, 0.1137059792615952]
[0.05009726780814572, 0.05089393519413665, 0.24164726342943788, -0.0514945015446846, 0.1736639351121282]
[0.056478402782589754, -0.027441533779920535, 0.3551863465435605, 0.16891843528508055, 0.12007363828920481]
[0.06439000228778824, -0.04594527166373141, 0.3655893666973732, 0.2922413376007257, 0.08076972146487926]
[0.04564395758782047, 0.19963215069009566, 0.24322726560378394, 0.16331580192787354, 0.08265242474708778]
[0.06901059531092468, 0.05383420130756611, 0.3480525046026587, 0.1304337892734645, 0.07437782664423409]
[0.02143492708704997, 0.01458882963003083, 0.37228434926033127, 0.069856356495278, 0.02854506703419668]
[0.0780240879456503, 0.025688599781493515, 0.29216076498346955, 0.22599212023438586, 0.0826570226408091]
