[0.5370474331483664, 1.290094052643459, 0.5165819897564025, 0.43729384909589963, 0.4884662292603665]
[0.5139773775672106, 1.2464944638239208, 0.5197156603594943, 0.4971049094093451, 0.4931530220881351]
[0.5317631405069846, 1.2576577010901604, 0.5459201971047297, 0.4726370563388445, 0.4615377456170333]
[0.531885893212033, 1.3066833639507507, 0.5196408756072055, 0.4411629155423725, 0.47122520617445984]
[0.5477743396121074, 1.288673971391346, 0.5220027162866007, 0.4720689130337122, 0.48666507367636597]
[0.5250330705070748, 1.3165592568744127, 0.49721716929965026, 0.5250203850374151, 0.5425945890039774]
[0.5317697070867422, 1.3028818993262632, 0.5227298687458332, 0.5970894167551076, 0.6089799935934317]
[0.5223524663706725, 1.2872525750258799, 0.513787020688259, 0.5106887561145965, 0.52420969463813]
[0.5484983543096955, 1.3188789345928977, 0.5558968900293259, 0.5006076345291889, 0.48630868870074023]
[0.509127149091936, 1.290106472391876, 0.515578810756196, 0.528007265699975, 0.5348603658808678]
[0.5064627375027748, 1.2745774322651309, 0.4909691026106141, 0.49620359919230234, 0.49434485303313336]
