[-0.09332007124330222, 0.3204137703104959, -0.032095419084557264, -0.06298977887494805, 0.03298131023334383]
[0.12015994762435023, 0.2876391352275802, -0.17476061559672917, -0.0371314537086318, 0.09505061775839174]
[0.0462919258843415, 0.4154368612447338, 0.005963791883525249, -0.029072649559978903, 0.09250247314725457]
[-0.0720809745182498, 0.358244854779732, -0.05508156246124929, -0.03242932807987153, 0.0909271710070575]
[0.03316780885286397, 0.29579778555163994, 0.04429521919292578, -0.03500709990663475, 0.12345387115878848]
[0.008597904207250595, 0.25263885485086435, -0.0548342365237402, -0.06742515243393465, 0.05272911430468186]
[-0.02486997898506793, 0.31689811911199794, -0.022693106330804236, -0.03965090040277364, 0.08283123526069458]
[0.0010818197644398841, 0.2549658455634818, -0.09218574629193532, -0.05670074879501241, 0.0404255812038703]
[-0.07959110067974073, 0.3509794406599993, 0.015279546129315702, -0.053431018646403095, 0.04682164245754705]
[0.10599852410054189, 0.34054972719788457, -0.08195214957047803, -0.0522647269535208, 0.06774661836256168]
[0.015650139043057898, 0.38302854146258214, -0.09574907845714065, -0.04151431815952078, 0.13626541460381614]
