[0.4001269772268785, 0.3293066100498325, 0.34483657909109156, 0.27950431794257047, 0.2318062264062295]
[0.37045380517798043, 0.3853142493513121, -0.037559583147396935, 0.06512757255511303, 0.34846355415666397]
[0.41779490428226584, 0.3827062402077128, -0.15190012345195658, 0.15572215304500336, 0.18157945709628365]
[0.35156699340400965, 0.3915914224950797, 0.18758137777087525, -0.02995748858479841, 0.3280749605826958]
[0.36882216142129354, 0.4858046772341367, 0.2659060310676967, 0.1271919858595839, 0.15773888554143511]
[0.32286913552733854, 0.33132205485302146, 0.24243376793398008, 0.0017888103025525126, 0.19142925039641256]
[0.3807529020601842, 0.41905812382058616, 0.26058932319654005, -0.3411442243573335, -0.024830127031700622]
[0.35521099339638296, 0.37382155249576865, 0.3559307718001349, 0.009930085968769542, 0.36488291033939724]
[0.3092000631318276, 0.3307906884565528, 0.23565942193521883, -0.3820759621216736, -0.22900842021075074]
[0.5709623549855349, 0.390298634052784, 0.45270103839884646, 0.14102354131435102, 0.04271217584949916]
[0.4314982016772134, 0.4004028063723264, 0.23943485018335098, 0.1931319260807114, 0.10864898069245521]
