[0.43814890896550673, 1.233413966519979, 0.49493964792679285, 0.3692313087254003, 0.43219600632842187]
[0.44885479653634786, 1.1807920529667058, 0.6228506859933424, 0.4205900594247967, 0.39802899984786677]
[0.43164833494212806, 1.1832943534593379, 0.6562734524042869, 0.39969206408081603, 0.44610143378099176]
[0.4555380154641289, 1.1747474551114507, 0.5511468872614017, 0.4414611377356069, 0.40420880611471455]
[0.44943608605141405, 1.079968055682312, 0.5239058551611523, 0.4063892310995715, 0.4525522551777975]
[0.4655093128979292, 1.2315593574366364, 0.5322157568041536, 0.43460432644098634, 0.4434088647121527]
[0.4451681234515101, 1.1479241436159664, 0.5257996380002667, 0.5037563925075468, 0.49919623372694677]
[0.4542562182446322, 1.1917794883025954, 0.49073123227346266, 0.4328284108966564, 0.39298163711652073]
[0.47018439746495266, 1.2320485909362893, 0.5345900636575494, 0.5113859421005263, 0.5466669108130038]
[0.37054398594858795, 1.175994884951487, 0.45236577130303374, 0.4031563078444803, 0.48246590246440185]
[0.4265382573371948, 1.1662096869634553, 0.5332681366298877, 0.3907366009854797, 0.4655536552775641]
