[0.5147334176837018, 1.2327109542888817, 0.4946440689429958, 0.4937953561697436, 0.5313039290765383]
[0.5383818657642823, 1.2074505975227776, 0.5485705643046507, 0.5180223230472956, 0.5218144106861836]
[0.5222396302845427, 1.1642350990407078, 0.5628519988373559, 0.5070040655167591, 0.5109351818339913]
[0.5669932231000939, 1.189846329222716, 0.521287811194432, 0.5082415568740792, 0.5401345251452003]
[0.5110616563696007, 1.1392522068817423, 0.48327148855769075, 0.4748657051001686, 0.49984232472094636]
[0.5613080990221568, 1.2753759460079899, 0.5322046088488883, 0.5426396162143916, 0.5666211622468581]
[0.5434047852960742, 1.2391930975081318, 0.5101272569688755, 0.6353836471236182, 0.6249116576104521]
[0.5086405997195055, 1.2090284310821846, 0.5129534864360926, 0.5166976447311085, 0.5366725946040739]
[0.5335948564887918, 1.2046875982504097, 0.5474488234900148, 0.5351839466769627, 0.5223127587599892]
[0.4816896103663416, 1.2300019569807905, 0.5379366028615231, 0.5018580165596314, 0.5149751642044889]
[0.4996090849374714, 1.1878327289941963, 0.50088275234156, 0.49098819966645696, 0.5023140089473794]
