[0.17209483611482712, 0.33007094594448105, 0.34561887533321145, -0.28863032084898266, -0.16090141076688647]
[0.0942742632521989, 0.35724562117423186, 0.19515888871278453, -0.4181797943045247, -0.11980246976816877]
[0.147772561258269, 0.4024315239715883, 0.1527070804169156, -0.35849244282779646, -0.0735960383597829]
[-0.004550093601368266, 0.37585132528279264, 0.2732244768003135, -0.36513213038317205, -0.19981188578099363]
[0.1838641437055607, 0.42780236353924816, 0.37536329653238387, -0.19172473890627484, -0.027484642262380676]
[0.015493745457694219, 0.2828950075078124, 0.2424655040331407, -0.5561710687853336, -0.32036761862241847]
[0.07729520098242615, 0.32300685089523995, 0.3040112651116166, -1.133567609538443, -0.6060036819721402]
[0.19157840231808487, 0.3555646877152354, 0.29627800741745125, -0.4109359751300783, -0.18448105986171903]
[0.11030913483291349, 0.36018387465106205, 0.19844707118785565, -0.5137023981189797, -0.12194237955276166]
[0.27497927638491737, 0.33301217375143577, 0.22605990967107492, -0.3310552259485444, -0.09064108379863378]
[0.22003248271122933, 0.3779620557889113, 0.32900805566068725, -0.27402060540844375, -0.03767144145929424]
