[11.827326774597168, 13.94941376704531, 9.716114044189453, 15.787849426269531, 12.2094087600708]
[10.609986305236816, 14.281824683269523, 10.365907669067383, 15.59463882446289, 11.811073303222656]
[11.046398162841797, 12.937470856153222, 9.535286903381348, 15.533933639526367, 11.827690124511719]
[11.711883544921875, 13.555587697343025, 9.823713302612305, 15.559247970581055, 11.837950706481934]
[11.122143745422363, 14.199804481175965, 9.349632263183594, 15.578660011291504, 11.62424087524414]
[11.262578964233398, 14.628470796984637, 9.822562217712402, 15.82075309753418, 12.084099769592285]
[11.451104164123535, 13.985448937605568, 9.67175579071045, 15.613569259643555, 11.890547752380371]
[11.305191040039062, 14.605679369909042, 9.994956970214844, 15.741076469421387, 12.162322998046875]
[11.75283432006836, 13.632104246584742, 9.490501403808594, 15.716704368591309, 12.121721267700195]
[10.69503116607666, 13.74120116332445, 9.948020935058594, 15.708002090454102, 11.987930297851562]
[11.222450256347656, 13.291261671299397, 10.011247634887695, 15.627555847167969, 11.538978576660156]
