[10.4739990234375, 15.01248745467486, 8.78284365321501, 15.4230616534939, 11.489138103405804]
[10.254773139953613, 14.431508346916793, 9.163984420215336, 15.642267582863065, 11.611847983432769]
[10.260110855102539, 14.533693886718615, 8.860738776782926, 15.624487714933244, 11.537462263453522]
[10.392610549926758, 14.527442854311486, 8.437698164063754, 15.669363205710928, 11.620881746318226]
[10.734002113342285, 14.03280300249453, 8.363971333549978, 15.27929939499795, 11.473648945835665]
[10.50941276550293, 15.226255667383557, 8.741491173394357, 15.720617221559158, 11.71562921755847]
[10.684225082397461, 14.060885492119167, 8.388260600349483, 15.676402773165869, 11.804355851549765]
[10.701532363891602, 14.426553267218035, 8.520957633134588, 15.864070185107733, 11.91852815183631]
[10.865397453308105, 14.881251573324265, 8.954180946487426, 16.01444310001033, 11.948209148064404]
[10.50319766998291, 15.172804945892704, 8.706069814540946, 16.060786917301154, 12.084279643918705]
[10.437378883361816, 14.062632907126298, 8.768451367751451, 15.540971262172997, 11.526158281315935]
