[1.2813413066276131, 5.508131394610719, 2.313101457927038, 1.7916952360475582, 1.416069364136043]
[1.4963507918888501, 6.20051301926326, 2.287524392821401, 1.7295221605899262, 1.389702920952972]
[1.4205936744714063, 6.062800494262512, 2.365802331316625, 1.7495886606751134, 1.3499886616059908]
[1.3982294353359708, 6.0055705376858715, 2.2464882560497044, 1.7795873186341256, 1.2265138768843222]
[1.459508233052997, 5.918124583528904, 2.3113649970517502, 1.7771281945937034, 1.5089246030422159]
[1.6327598490300286, 5.869357764394899, 2.3449998507160306, 1.6230107184930311, 1.2156737172172452]
[1.4527950272049157, 5.908882552934247, 2.3566548419449664, 1.6976147803710613, 1.4046087981389783]
[1.5183906054462641, 5.481022069958677, 2.033517364185346, 1.5976635316614571, 1.468421907481863]
[1.5302446786344435, 6.18020646414189, 2.242373500761711, 1.8182802981759902, 1.4878371932573558]
[1.6947612046237512, 6.070965169374402, 2.315328696396567, 1.7468239848733775, 1.4999618869548732]
[1.5407419025297417, 6.327874633921628, 2.6489594837151462, 1.8300826140967972, 1.3738098194196189]
