[0.04159327468721363, 0.017572009547642375, 0.20590241845588242, 0.03845447282771475, 0.15507875194940202]
[-0.0006734162856620873, 0.0424047385528199, 0.05242440107234636, -0.10723255281279931, 0.09785829607758068]
[-0.029814536094688204, 0.03364566363496835, 0.08928890175189885, 0.046524003852761564, 0.06838253344022582]
[-0.03365527722366912, 0.038811178818047964, -0.025863925672545696, -0.04838553232326115, 0.05771202301940037]
[-0.009490579131538945, -0.15328691364551172, 0.07588352631321538, -0.006707150271188622, 0.10829018620865416]
[0.019733738032607362, -0.3461302779331217, 0.11535480020667643, 0.01295437018741219, 0.18445912837323464]
[-0.017496266956869677, -0.013343926109616877, 0.21099758792838574, 0.04501991328010824, 0.09612587826727925]
[0.0006798664371095997, 0.020810914585526974, 0.16551812044753744, 0.05577936445573761, 0.1565313831022841]
[0.0011264114831568417, 0.046633197565683515, 0.16604706318077167, 0.0895054968110035, 0.16836719820718593]
[-0.00842073655611153, 0.03167232906865236, 0.1754504101068618, 0.09388893866175996, 0.18968509074374296]
[0.0053163706852124015, -0.058251244408671354, 0.036744589299668284, 0.007631292448316729, 0.14886713113237426]
