[0.09681930744202749, 0.20845944031046437, 0.5250526727329037, 0.22148859321584513, -0.04146895634718928]
[-0.3905608439004349, 0.13255305114658744, 0.43638320655762286, 0.15424592744131915, -0.15701122157053837]
[-0.48791602412730795, 0.09314680170510548, 0.3685253696155111, 0.046655679780044146, -0.3601487744494156]
[-0.4402598915565472, 0.17138144531636634, 0.4090464612794673, 0.18430900413281692, -0.1437011456170063]
[-0.4231143353602542, 0.10769744957318272, 0.3317249799453935, 0.10917192303046519, -0.25563387716250774]
[-0.4206449249032673, 0.11872289536313263, 0.3065703916123238, 0.0945230699455909, -0.25507683909198775]
[-0.7693953563731963, 0.08231131646276624, 0.3331849182509792, 0.05649012120997998, -0.4211382811719775]
[-0.2875189276422936, 0.2055014125998349, 0.43337088008642055, 0.14113462747848804, -0.15618786822289565]
[-0.6301812102278506, 0.10254976217592848, 0.35152407231360183, 0.023480680155265943, -0.36506619789610273]
[-0.5655373547645366, 0.07972648435640406, 0.3248132905464265, 0.04587985574461595, -0.2809591822450621]
[-0.5703847838882476, 0.03282343002017152, 0.187523938106397, -0.0879111106344499, -0.5943558288727073]
