[0.08776629999519914, 0.11594695092112184, 0.40831550991200727, 0.18041574790798054, 0.08322193514234044]
[0.02452700807702002, 0.12991731717060884, 0.31065158913985347, 0.20531412874479105, 0.10998647045532384]
[0.022278527670007042, 0.11897121811492395, 0.16647105848462884, 0.07360649567602073, 0.1680092763981661]
[0.018539130757758593, 0.054983553847053446, 0.2065884080586715, 0.2522938288004687, 0.1484428885414636]
[0.06684952028836832, 0.1793896059200244, 0.4275342986046331, 0.2666676633197872, 0.17602331403571103]
[0.08939465233334754, 0.10051182991370045, 0.40450176687495676, 0.2328724241743516, 0.08998830783685419]
[0.05401384796903996, 0.004243889832159398, 0.38986679167391936, 0.22934724229174397, 0.1121468548609984]
[0.0558614521787828, 0.02768600458146986, 0.2616416797825484, 0.17969870124166898, 0.13677372753285355]
[0.07544788292287452, 0.1024932989224071, 0.3909539102754074, 0.2037197428184342, 0.09303347305382159]
[0.027208366299148357, 0.08340029091635226, 0.17936038764146633, 0.12109828639954068, 0.06644345743601765]
[0.07596204204678225, -0.10878955096478937, 0.3264044471727866, 0.10199849373147651, 0.10452780674796203]
