[43.030094146728516, 15.526294276321165, 11.043382455463842, 13.309616901037087, 18.330055535821504]
[43.96868896484375, 15.32881008837339, 12.063466168840854, 14.28236250704551, 18.94057000511602]
[44.60431671142578, 15.398756424824114, 11.826479703967168, 13.253650412245216, 19.247506546973934]
[44.68741226196289, 15.357545303773188, 12.551916900862567, 13.897642590717384, 19.357420742381894]
[44.1619758605957, 16.82232935671338, 11.913202731137206, 13.618591896164899, 18.83074221094151]
[43.51804733276367, 18.17443823668586, 11.656005372266536, 13.484947006312696, 18.00854105751879]
[44.33674240112305, 15.768699749196038, 11.00789660639554, 13.26409998583857, 18.958747439308482]
[43.93894958496094, 15.50067931537751, 11.320709120204112, 13.189167168881966, 18.314291780232782]
[43.92913055419922, 15.294928886326758, 11.317120692367757, 12.951476837869283, 18.185341884229178]
[44.13856887817383, 15.414470847675503, 11.253135966435986, 12.920262733585252, 17.950749220917437]
[43.83689880371094, 16.114314797028243, 12.162865517493733, 13.521259868108569, 18.397310830393494]
