[41.980770111083984, 14.728435347762284, 9.532575607299805, 12.287893295288086, 19.093597412109375]
[43.41151809692383, 14.61159789252634, 10.28926944732666, 12.099804878234863, 18.812822341918945]
[43.46152114868164, 14.70322142911723, 11.31424331665039, 13.064066886901855, 18.18925666809082]
[43.5445556640625, 15.227798899601384, 11.03861141204834, 11.736702919006348, 18.40189552307129]
[42.45933532714844, 14.19011634631083, 9.376482009887695, 11.623342514038086, 18.101438522338867]
[41.94328689575195, 14.856454510008158, 9.563247680664062, 11.888154029846191, 19.023006439208984]
[42.75035858154297, 15.631258294446454, 9.680047988891602, 11.915437698364258, 18.789976119995117]
[42.70859146118164, 15.446166715880445, 10.64875316619873, 12.293268203735352, 18.527549743652344]
[42.263267517089844, 14.84008195783585, 9.671420097351074, 12.111936569213867, 18.991151809692383]
[43.35181427001953, 14.997100680835107, 11.226423263549805, 12.7247953414917, 19.267528533935547]
[42.25151443481445, 16.494608492185925, 10.171026229858398, 12.86231517791748, 18.870426177978516]
