[1.5520908855426445, 5.865214207823794, 2.4160159476784324, 2.0496879877392256, 1.7616275623011826]
[1.9258604928863507, 6.140005398622701, 2.631897884716128, 2.136374151324526, 1.856776870485322]
[1.992136242334883, 6.277920122282469, 2.7858326647559757, 2.2681937924991393, 2.0131871018518592]
[1.9599737702658404, 6.0010136976706585, 2.6949687985594624, 2.0980609470128764, 1.8460659419567695]
[1.9482726000519246, 6.227351188784139, 2.865858122992264, 2.192563671874847, 1.9342938200216626]
[1.9465815294568574, 6.18875848551244, 2.9192968814757876, 2.2105175164638777, 1.9338647161069829]
[2.1724123729600633, 6.315314443510975, 2.862725981625934, 2.256464428871604, 2.0578281370230536]
[1.853133201802236, 5.8761632913535, 2.63892177996261, 2.1528700322854895, 1.8561160923100517]
[2.085200246527811, 6.245288129974742, 2.823085310139903, 2.2955971969653026, 2.0168230136173855]
[2.043438367345869, 6.324202288110257, 2.88064018689211, 2.269116523855547, 1.9537031539354592]
[2.046599507782341, 6.483360558731086, 3.1599656354833727, 2.4229919533831072, 2.1796339253444637]
