[1.5673845638204849, 1.5884902927931799, 1.2407926738845616, 0.9488845276082527, 1.4555180501566731]
[1.6310557287179368, 1.6497205102233663, 1.399582754989568, 1.0780991899280339, 1.5500190474133315]
[1.558860293158746, 1.5649312337159604, 1.3124904974880953, 0.9139915943823945, 1.5048661244414785]
[1.505938227295098, 1.6074417316447085, 1.3669438667234979, 1.0184358520195962, 1.4028873848453856]
[1.4883185109822363, 1.5063155460617144, 1.2657934045100094, 0.8599961331609826, 1.4699467186125317]
[1.5896780665573893, 1.6053666616358973, 1.3905006690388162, 0.9510443111166688, 1.4909836955122444]
[1.6279588406664978, 1.6514735845235513, 1.39528898563995, 1.033002586025574, 1.6593445596725447]
[1.613732082770707, 1.5751104108046075, 1.3098881273968213, 0.9565519351068019, 1.5834921912755944]
[1.6696489663404264, 1.6147870961446296, 1.3804282312772542, 1.048738081164354, 1.573493458648638]
[1.5573749009609232, 1.4953350736204098, 1.28529379205648, 0.9339727239755338, 1.490992384932123]
[1.5372843272984789, 1.5794305520209926, 1.2481679242739494, 0.939378669354293, 1.4840429323320088]
