[134.21049913844345, 80.72175415491652, 89.28992452889624, 136.36401216213125, 226.55483573215704]
[133.69309518498815, 78.42573663078593, 87.39837679009352, 133.50067322542165, 229.15217843772766]
[134.62033355166704, 87.29916609500032, 92.38614685085331, 136.90419053040122, 233.46422007556654]
[130.9460574985253, 79.74197653006934, 92.21959526396257, 135.06412691569759, 227.62155407534377]
[132.71181125920756, 82.21397809900783, 87.5482916058357, 138.32708709138905, 229.66600992617379]
[132.266444985732, 86.9926000252936, 92.66154571956386, 135.86493568324337, 225.37106969618526]
[134.12512367047026, 83.43913791137048, 84.91300278581596, 132.9240540324459, 225.08030963024493]
[133.9481150583504, 91.61249857374379, 88.50652874077869, 135.9048246660502, 227.79639048878627]
[137.1000610180455, 83.64900060817445, 89.66459779600189, 133.1828119114124, 230.66736359883856]
[131.17065809809225, 79.44463857677981, 84.49701280066132, 136.0506135979431, 229.4755113222223]
[135.3312432501711, 81.90889711497896, 88.07477515494179, 136.48279939522325, 224.10561203943104]
