[-0.10842906564549715, -0.42102636035002305, -1.5797530934082502, 0.12792836070361202, -0.43893374612604696]
[-0.0998991800653306, -0.3413378063202128, -1.471610113611551, 0.16416696283193877, -0.4721162454635619]
[-0.11520895212723437, -0.6620387416594302, -1.7617663823920546, 0.12100560652308434, -0.5280402283343484]
[-0.05516354187359562, -0.386739686620724, -1.7518176623346822, 0.14447510308070144, -0.4525158936090523]
[-0.08381229991357375, -0.47405021466243435, -1.4800965129037338, 0.10263921926041386, -0.4787255454713961]
[-0.07655019554661413, -0.6503861665982176, -1.7782563216591765, 0.13430004176083865, -0.4239359572078385]
[-0.10701930185775321, -0.5183104077902376, -1.333037010875819, 0.17137166853157393, -0.42026417591624443]
[-0.10409930233394071, -0.8303342575008985, -1.5346841314189716, 0.13379164038802438, -0.45474810927973053]
[-0.1566719893375439, -0.5259575967653358, -1.6014485410476555, 0.16814241395156115, -0.49164826985304244]
[-0.05878631010888902, -0.37641735402889753, -1.3102338428292222, 0.13193223141064414, -0.4762734775767976]
[-0.12701855327120337, -0.46313065293848, -1.510014997494574, 0.12640836881274875, -0.4079900618853596]
