[0.2793910489638648, 0.5125749064677294, 0.49220490844175346, 0.3664187269077489, 0.5911740341914486]
[0.24817278159035916, 0.5030714967636463, 0.4887980168504421, 0.38626389399950156, 0.5901595148012148]
[0.2569706256654094, 0.4922284332442898, 0.5076634913555967, 0.4043192477921369, 0.5998623941810328]
[0.3034809627693791, 0.5272499100710755, 0.5081847249138547, 0.38726253026558755, 0.6175922578845812]
[0.31769053988158114, 0.539122028436832, 0.5377696079206692, 0.47433714247789804, 0.6208114102068985]
[0.2994336679817581, 0.5435084222104447, 0.49585503109175744, 0.40635940155144046, 0.6074058743915618]
[0.223501875454299, 0.5016419466400647, 0.45534569362405897, 0.3426826960942949, 0.5619074682039791]
[0.28116216982502173, 0.5363453552622371, 0.49130766286719285, 0.3292845600764325, 0.5860268882887787]
[0.24034766576673117, 0.5124551254064384, 0.47844451660577025, 0.2866349571641632, 0.5474314973812621]
[0.3268390543238586, 0.5741428457740705, 0.535874043752272, 0.3466501799209213, 0.6142149606064571]
[0.34674260684448466, 0.5429762214182512, 0.5640489599776686, 0.4254592175144579, 0.627931359484625]
