[1.5855019381692073, 1.5886870830621627, 1.3646974341278395, 1.0557276883771691, 1.4966940765150936]
[1.619481432958188, 1.6040997705065745, 1.3692677853967214, 1.0390622875169795, 1.4985499815288366]
[1.6099780040833132, 1.621506193526785, 1.3437644471453223, 1.0236642333919423, 1.480704815474362]
[1.5587750528275968, 1.5645888564051973, 1.3430529413038803, 1.0382165920169923, 1.4475285636834843]
[1.542792956395715, 1.544818273540573, 1.3020311496840031, 0.9616220021415669, 1.4414229561956813]
[1.5632973153936696, 1.5374493148451855, 1.3597837425030854, 1.0219097502489258, 1.4666811237501791]
[1.6458382701661898, 1.6064054283296576, 1.4133593509713658, 1.0753213742045113, 1.5493399844725058]
[1.5835523071437287, 1.5494648550569254, 1.3659025740938386, 1.08622525925398, 1.5060863452828546]
[1.627887503778121, 1.5888822750393101, 1.3830643389292734, 1.120228603545899, 1.5747295121043068]
[1.5324150443843252, 1.4849656114189358, 1.3046981729532199, 1.0720712107147803, 1.453906556630602]
[1.509590373816638, 1.5383452715704857, 1.2644771470901799, 1.0053358658955254, 1.4278261705815345]
