[0.29576561100763954, 0.5126956534360441, 0.5802273009733767, 0.4881705879824154, 0.6133592871414428]
[0.23738788937480038, 0.47440418039262455, 0.46591188481455437, 0.33928228991751164, 0.5615233593573592]
[0.30340478354567535, 0.5270429846369643, 0.5303134929621943, 0.5251210577269578, 0.5866974129108713]
[0.34989962982076594, 0.5009987507488591, 0.49053176640381935, 0.410388606290219, 0.6408151489763676]
[0.3650231902230737, 0.5618093854830881, 0.5631408811668248, 0.5795721222609092, 0.6056556908001605]
[0.2755899577555878, 0.5022862551845839, 0.4728209381482905, 0.4858379568691582, 0.5942876945214]
[0.24028108571003315, 0.47328653884670924, 0.46918390777545604, 0.39340150849269107, 0.49748903430539737]
[0.2535014567414251, 0.5208702268994538, 0.5321742094412348, 0.47986555186580226, 0.5423807933884082]
[0.20087182346467414, 0.4964278595363011, 0.48043078161356023, 0.37478039925011297, 0.5481416883221637]
[0.30473168131622086, 0.5681745894047836, 0.5495769900695076, 0.5041310728157598, 0.5942829655430003]
[0.3225542898768643, 0.5182383518363359, 0.575222226554326, 0.49837416322053163, 0.5980562114922608]
