[-0.13773379333944802, -2.3693275516189245, -5.991143992875884, 0.23736749710430471, -0.3675109014442448]
[-0.18909205969440146, -2.1868421334233603, -6.043797335298681, 0.19478383811029698, -0.3967491725649255]
[-0.23030179989931665, -2.569210055156861, -6.162105489750279, 0.22247053825525254, -0.44106868668852206]
[-0.1517051715999913, -2.1082133805889973, -6.016628930211146, 0.2193180602060083, -0.36276324382824665]
[-0.2302548833417002, -2.560932492183796, -5.878796868183964, 0.17345938013829443, -0.43432308923179486]
[-0.18554960113596475, -2.660712977961113, -5.91016428521923, 0.2100019004692154, -0.37206169471956585]
[-0.2151348889051008, -2.473476288004595, -5.703005557745349, 0.2824307253147934, -0.3733207106795675]
[-0.255962345361334, -1.9983512947186242, -6.436278283705588, 0.09538404861767924, -0.46619093329355543]
[-0.31987613224394984, -2.0001898645096463, -5.7775033135921925, 0.18020928231344202, -0.41664515347580267]
[-0.2311823652496452, -2.313760198497212, -5.789668879715345, 0.24252983964291386, -0.4223503237838795]
[-0.1738386685390585, -2.0800440442045067, -5.714170339606737, 0.2209761386096769, -0.40443098309394276]
