[135.97305890004205, 124.29714129834203, 146.98990476255298, 127.52089278256055, 220.86064497631952]
[139.00815473326753, 120.88427188772023, 147.54238887760212, 131.0327726780353, 223.209229809206]
[141.39640526050945, 127.93093609313762, 148.77629583279582, 128.76034044126123, 226.7228427143214]
[136.80538646646596, 119.38367306644805, 147.25757346300085, 129.02110453834163, 220.4769250368655]
[141.39370921640065, 127.782503940339, 145.80406336810628, 132.75649875239608, 226.19157900957828]
[138.8009386795085, 129.56042478765235, 146.13611961273668, 129.78864921749323, 221.22782901174142]
[140.52214939336912, 126.20358534193502, 143.92895582262858, 123.69598592942481, 221.32930604540513]
[142.8633561482052, 117.2548407275524, 151.5972076331527, 138.88514930002526, 228.69054123783417]
[146.453288036142, 117.29078517646795, 144.72656490776225, 132.2133128871522, 224.79335940079818]
[141.4469971170807, 123.26791847670816, 144.85639820477687, 127.08855849928554, 225.24555301176636]
[138.11369516224107, 118.84146236977493, 144.04877273124706, 128.8840187380603, 223.82218879859752]
