[0.3319971528762198, 1.0027892103958302, 2.6081221833041237, 0.7222064392369584, 0.4608531364202551]
[0.35761626370284627, 0.5449205608094891, 2.662766177427968, 0.7408192541404786, 0.5175865231551967]
[0.2695193047083798, 0.6210514684481233, 2.6671773218749864, 0.8249013220392994, 0.4685618930474327]
[0.2895339718963495, 0.704868970843647, 2.723915136874627, 0.7300271342322174, 0.5461576322387799]
[0.2844962382610722, 0.7841681935490726, 2.7801402035335365, 0.8046359835447687, 0.472008578380193]
[0.3116544046921489, 0.49125356822507643, 2.5252856620935575, 0.7097909787283166, 0.49185174095843565]
[0.2425314866279254, 0.5195927630988059, 2.7794175951860236, 0.864733672175771, 0.4643971168158106]
[0.21776065273442868, 0.4610175663388624, 2.8261547112054988, 0.7959359916658314, 0.48229397602862245]
[0.2559864483302766, 0.563531891136568, 2.7664371931978464, 0.857166643562316, 0.4687510784360208]
[0.32720052402692856, 0.6360149729819631, 2.5779180763911653, 0.7631795721490021, 0.39698285576796977]
[0.21676491779978724, 0.5561827845700658, 2.7354249036318077, 0.8707986492963974, 0.46979409283958273]
