[1293.5254105494805, 1300.9451607241963, 1715.1425815407017, 1577.5476561172736, 1562.4794425616983]
[1325.2054874651049, 1252.7620754563234, 1632.365268858895, 1614.9875753055376, 1504.9885683777673]
[1327.3869382121934, 1264.3916318808567, 1796.1269424770596, 1620.538666691861, 1584.5727021243665]
[1344.61582972691, 1335.0528582138638, 1727.2428968157478, 1656.0416702987463, 1617.5757853966654]
[1364.5227912771948, 1268.6261864084083, 1730.6711606969805, 1597.6895852886842, 1609.9606257560256]
[1284.8165893926055, 1248.4078966012921, 1739.739210652041, 1580.840659534051, 1560.7218573330083]
[1338.3370141617042, 1282.966831082839, 1740.0651436916896, 1532.5615158341718, 1597.7786065454325]
[1318.3300303278752, 1273.2729641351116, 1721.3848207089477, 1519.257339154597, 1535.4083165708569]
[1325.3822404677878, 1203.0377527267642, 1691.1866930935187, 1413.437292800154, 1491.5991265671241]
[1316.0871691755722, 1214.7773719644902, 1584.997004159633, 1455.5244433988018, 1470.5228199680796]
[1285.1436168425835, 1188.3272575156534, 1738.212409194332, 1504.1743877312142, 1524.6137823559607]
