[0.5689572543707508, 0.8973838011065816, 2.803559628555764, 0.7910995524459805, 0.6487999564537743]
[0.5516808951267574, 0.7409841898268307, 2.7140983851286267, 0.7898694898560289, 0.6774398057088916]
[0.5054877179088754, 0.7924106381648506, 2.7164561988515397, 0.7878281958000698, 0.5987822592785103]
[0.6009027521412714, 0.8861909761210612, 2.805712700345123, 0.8080105665338366, 0.7020986269674332]
[0.5887388505683063, 0.9081097750573525, 2.8664369475057323, 0.7972996043887829, 0.6986165751198936]
[0.5561643633307799, 0.8137325240028576, 2.7481419088464696, 0.7964287515214017, 0.6552443571733585]
[0.5798043399560017, 0.894163815383022, 2.8626362272125925, 0.8806657338308641, 0.6940059286988486]
[0.5383514213287651, 0.7785348307694469, 2.769733816481467, 0.8521118182544516, 0.6518035794660207]
[0.5302001009235905, 0.7909489359897585, 2.8260031790471514, 0.8315531078638927, 0.6672419762132155]
[0.5153675193684456, 0.8059894107384479, 2.729915899207416, 0.8415401898861465, 0.6310866149760631]
[0.5608283338937609, 0.882381617515924, 2.9140303681646156, 0.8415836622483628, 0.7179009219787366]
