[0.21961509183807326, -0.19608017998756577, 0.20318811447304885, 0.3424663464630646, 0.4534746826267718]
[0.21717055909479155, 0.14178306681646324, 0.31632348741992267, 0.3952895545615617, 0.4895551958201848]
[0.1872689861725194, 0.06014742551717678, 0.2366985871467645, 0.368921642299039, 0.4415716412635442]
[0.07622191401920031, -0.24081085740083408, 0.23516998157946967, 0.28891055343879524, 0.40579394756223297]
[0.1392705413767198, -0.07038447771945311, 0.2933142899698189, 0.31682757219443036, 0.44926739787715875]
[0.23718836758430828, 0.06149871356601411, 0.31846022729491097, 0.3462962595239607, 0.454765248697927]
[0.22645446824329474, 0.014443340379646785, 0.31566491119136786, 0.38540765287663403, 0.4525805504242594]
[0.23505320419870412, 0.058492381475319766, 0.2363330265409801, 0.3585691245504664, 0.4454281011182746]
[0.1652363460446752, -0.030668799257629997, 0.2295851061412676, 0.3815485939301373, 0.46336509435099016]
[0.26745228805081667, 0.0059601193612107695, 0.3195425013289038, 0.3899665056182261, 0.4963623864302763]
[0.19044684086860353, -0.03362091789498911, 0.2809321391874914, 0.3653950359761844, 0.4522628197101969]
