[-2.988369713657611, -54.289909918432436, 0.3617186949987965, 0.25586598888406276, -2.503957553689735]
[-3.627657556548198, -15.32649528413916, 0.334692648974823, 0.21701586090594527, -3.4197699108695856]
[-1.6284907092076013, -20.207123396127518, 0.3324865238387885, 0.029194023346283515, -2.6221603545589636]
[-2.0333725148858632, -26.317651675134883, 0.3037849543907173, 0.23966243552088307, -3.921185725867069]
[-1.9287327774819074, -32.80998852944508, 0.2747467987219927, 0.07630765819855645, -2.675644704026692]
[-2.514578351439413, -12.268994473198415, 0.4016197042016706, 0.2812309096386122, -2.991187837243449]
[-1.1284475311339284, -13.844062168775938, 0.2751237623790883, -0.06682499654004159, -2.5580559342914224]
[-0.7158744614248997, -10.685882763333462, 0.2505405786329372, 0.09617421017221195, -2.8375797745221942]
[-1.3711588020447238, -16.46077734388271, 0.28187856859613536, -0.04823574843142353, -2.625085894018224]
[-2.8739558966734515, -21.241355773659148, 0.3764166915460908, 0.16903656005156587, -1.6000233288423398]
[-0.7002182825763956, -16.008329531455505, 0.29788888037565564, -0.0818422432319228, -2.641236143186196]
