[0.3935108988373208, 0.3840422667949812, 0.296529275566058, 0.3381147629019077, 0.4325108409466355]
[0.36343973953027275, 0.4288237676221972, 0.3627934051270483, 0.30632492448643256, 0.4735036708156981]
[0.36134230212555873, 0.4181699362534266, 0.22852896492770725, 0.30154808087976415, 0.4163489311261448]
[0.3446557230170916, 0.35132097700378795, 0.2865683026965563, 0.2706092686725725, 0.39178346963192645]
[0.32510741034790736, 0.41426621403488506, 0.2837334270798326, 0.32110512912462397, 0.3974966654266714]
[0.4016499347879726, 0.43278729993071385, 0.276207841364438, 0.3353486148260746, 0.4337868252033952]
[0.3507618219607176, 0.4009490112669484, 0.2759366169474988, 0.37532582673890136, 0.406580041202771]
[0.3700278337320906, 0.40996745454929784, 0.2913994123418687, 0.3861243526497201, 0.4520048401520911]
[0.3632699221820619, 0.4732658881980586, 0.3160431937234749, 0.46866208081019345, 0.48283016469022244]
[0.37216954052195295, 0.46293565719167784, 0.3992379901985198, 0.4365482585676239, 0.4973421351895079]
[0.40134529706661826, 0.48606872164065806, 0.2774776891691766, 0.39825277236134005, 0.4596830047062872]
