[1467.2965458624476, 1812.8575551085066, 1825.3876869739292, 1572.3532881494964, 1533.3477840414996]
[1469.5928805780763, 1535.6140376617889, 1690.8401232948984, 1507.8733849001924, 1481.869369156959]
[1497.3967305855103, 1606.9908413797289, 1786.5914367244345, 1540.3974243061655, 1549.9556081539672]
[1596.420485182847, 1846.4447898195392, 1788.3794772349518, 1635.1336534515187, 1598.8365318026094]
[1540.9792745229781, 1714.957789578884, 1719.0573662568522, 1602.7150148856995, 1539.2385107091363]
[1450.6816505349043, 1605.8351874670602, 1688.1958077705349, 1567.7673852134965, 1531.5362885987515]
[1460.852624429066, 1645.6002034481494, 1691.6543088445792, 1520.1439468672795, 1534.6015734727641]
[1452.710511757858, 1608.4051433874351, 1787.019203042565, 1552.980744518374, 1544.5944037755362]
[1517.55776022993, 1682.8410544846251, 1794.8970755854643, 1524.9090120195533, 1519.4100210411953]
[1421.6131179838846, 1652.6673154148377, 1686.8548615160337, 1514.4954778726617, 1471.9552471131997]
[1494.4663822770926, 1685.249390770196, 1734.052148594558, 1544.695469890495, 1535.0468621115238]
