[2006.9898879732548, 2171.0976678789016, 1790.4579962240543, 1805.344278335626, 1865.2444745254147]
[1991.0055996424928, 2366.8386416380013, 1856.7569824502511, 1783.131921293502, 1829.3649126032158]
[1920.5948055028941, 2260.862605852049, 1836.0401378561105, 1745.4440044689645, 1728.0326827120437]
[2028.671313251718, 2360.668843115682, 1885.2554605975538, 1832.6388363859821, 1783.7270155860235]
[1981.817020104711, 2313.6077664975155, 1823.1693402374085, 1804.495290126266, 1738.9357790396796]
[2044.9427790783009, 2282.318571417487, 1799.6331489204422, 1799.8533377754568, 1795.7327463968418]
[1989.0619704108663, 2184.0883672234013, 1825.0249455732674, 1772.4833037756916, 1704.8564534837867]
[1998.365190992402, 2222.4561337375753, 1822.8330284140482, 1782.810209390302, 1699.7271110888482]
[2004.3536683952102, 2201.9475987638048, 1720.2486411502716, 1747.9409852564977, 1710.9451095445102]
[1995.8473126879605, 2189.242357769537, 1769.47878078982, 1746.2921912489685, 1695.635299760657]
[2366.4759564253145, 2783.503478764379, 2067.4635707120374, 2272.1181031364026, 2148.899032974974]
