[2.5765137829263405, 3.7421832337221232, 1.5627485358247233, 2.019747893700939, 1.6132789692298855]
[2.5157292732612406, 3.9549669952089754, 1.766207109882859, 2.037239475865645, 1.6339343673596842]
[2.3783431034659372, 3.99858998258013, 1.6738876364288278, 1.938697248210221, 1.6392064086066325]
[2.4535768437212875, 3.845608768326248, 1.5954431439368808, 1.88935411076465, 1.5781043796593255]
[2.408668041126606, 3.80132977120464, 1.6020725920348629, 1.860619303627332, 1.6422847592625531]
[2.6208103400729206, 3.856758541109388, 1.622212856905217, 2.0154887459573825, 1.5707191859922558]
[2.4866623525716327, 3.5884183968986885, 1.6041337523330876, 1.9133098364213008, 1.4859475102978164]
[2.5847834996118073, 3.7154769478409104, 1.5205948702790173, 1.9869747093495658, 1.561009300820889]
[2.47750832925196, 3.9089128672849998, 1.5996698582843174, 1.9723923050211505, 1.691884043630299]
[2.564234603730494, 3.9794001194967605, 1.7708704045203951, 1.9659183665060727, 1.7678138925542128]
[3.490202454417437, 4.989788174541831, 1.7082566736186986, 2.4875802546771064, 2.0036435948862663]
