[0.45190000834471566, 0.35449557229564166, -0.8602591361502925, 0.3178444513751232, 0.14222436148565953]
[0.4774562447996782, 0.2790006794371176, -1.3761754369084942, 0.3059779733775262, 0.12011892191190698]
[0.5329709782635399, 0.26300782706583714, -1.1342625704142444, 0.37149450949829443, 0.11443172524193335]
[0.5029567459816264, 0.3183219233045581, -0.9389111534341319, 0.40308043483021283, 0.17922104346811252]
[0.5209853939675377, 0.3339294650021589, -0.9550579104592274, 0.42109922233073127, 0.11110249300165809]
[0.432891649150447, 0.3143633438091359, -1.0045224426255306, 0.3207184119215133, 0.18688521080940068]
[0.48946150478811334, 0.4064527771311588, -0.9600917397383282, 0.38784740241384763, 0.27228437421218155]
[0.44837593968645806, 0.3636760485618096, -0.7612551941634649, 0.3398026649632576, 0.19690717761147292]
[0.4932134248360862, 0.2956944546517455, -0.9491980498182986, 0.34945748058958703, 0.056599825654870206]
[0.4571118419346071, 0.2700647357471112, -1.3887395743394562, 0.3537209939761915, -0.029977762119677287]
[-0.005764018530562298, -0.14766026935182386, -1.2228056748921765, -0.03476871543785842, -0.3231092568212546]
