[2.542876954105655, 3.999452506780172, 1.1606639500256746, 1.8775143976167044, 1.445443455426148]
[2.819253946255034, 3.986839126533637, 1.505332976767696, 1.9784828742584075, 1.3026487365956403]
[2.4779010837250746, 3.8689657348187425, 1.252032646903876, 1.899267836220957, 1.3121300273682783]
[2.43086659907858, 3.8235694020098516, 1.1575628303660828, 1.9759463295652746, 1.1758631345870632]
[2.385795315932391, 3.8298899141128073, 1.1884671666529778, 1.999784846209048, 1.5996234751387777]
[2.6334031117965013, 3.8157523400347193, 1.0824343274992332, 1.6770247821820963, 1.2525025907778227]
[2.6793008483696013, 3.785424317174731, 1.3417252424831911, 1.9758987336533602, 1.2336493970016535]
[2.6074959022306268, 3.748403845593279, 1.2403413523032643, 1.9783279717039466, 1.3012608735341247]
[2.516051770458821, 4.0655050097167065, 1.3898826295791322, 1.9180366918333194, 1.4482119825272486]
[2.6812526567760444, 4.153106061230928, 1.4167320082608763, 2.043368659642688, 1.7066510945441544]
[3.495785091727512, 5.001174276475433, 1.7629766955155466, 2.4775154732451163, 2.0072035858245996]
