[0.25383689289805056, 0.21901806996862994, -0.4451161282230256, 0.3650695876171349, -0.008505841199528241]
[0.26567491122694986, 0.07184701449908515, -0.5541202008615367, 0.3805974179779371, 0.029919926668558805]
[0.3166945205316133, 0.15310297868550882, -0.519633350654604, 0.40650385344843043, 0.13441285511224166]
[0.2376282769822119, 0.07667966592546505, -0.602193216901681, 0.3457257424376129, 0.07771812524766653]
[0.27243715709893346, 0.11312639271101954, -0.49840250917599693, 0.36566661688500346, 0.12345547736892593]
[0.2253496454653937, 0.13695231462686663, -0.45996499289515014, 0.3689259858895102, 0.06526113914611875]
[0.26710791479195506, 0.20964414427883682, -0.5014541825287355, 0.3879733014556631, 0.157475517935188]
[0.26023613103296117, 0.1816319620633451, -0.4978497530606141, 0.3808209025166852, 0.16253763963710877]
[0.25579580452425, 0.19666586186858226, -0.33400335220124844, 0.40480456262324316, 0.15144685547589343]
[0.26209911580970846, 0.20590959492930627, -0.411449005516076, 0.4059269023746068, 0.16656489001024843]
[-0.03740323093642295, -0.28370667856470777, -0.9268601976785662, -0.005698646981100675, -0.3385633030386195]
