[0.16013559300415814, 0.10029195760691267, 0.01864346748107637, 0.31193753755190945, 0.06949753419446103]
[0.21236043395452786, 0.03832983081994146, 0.0304583365922515, 0.3341006286890036, 0.13136692216903212]
[0.2505086933236219, 0.11611485093763185, 0.023922641518495547, 0.32324520135976953, 0.136056589555011]
[0.1964704973305561, 0.10257569717621395, 0.018533035825487487, 0.31339376862159607, 0.10388904122704345]
[0.2330051322207215, 0.06968455261781337, 0.03352180604712807, 0.34524605648768225, 0.13967623358974202]
[0.20354972918432923, 0.13468679673629114, 0.015387147131755818, 0.3390667560901601, 0.16297730183558645]
[0.20271561529765536, 0.18574541345589357, 0.02312362648077948, 0.356133886820199, 0.14515270765777588]
[0.15761357610535753, 0.1322362952267916, 0.030421299099340104, 0.34363512057883394, 0.1220505325856901]
[0.2196880344957981, 0.19765387051041095, 0.06204189609162403, 0.3320926617067559, 0.16231837637098334]
[0.20676644501193908, 0.22315546178117918, 0.07880089195731577, 0.3939794022061043, 0.1755749776636929]
[-0.03754150741316176, -0.2838109636243473, -0.029419360025953134, -0.0010973531478699616, -0.01605623297076364]
