[2129.2805472898694, 2330.2883790815895, 1475.455691089817, 1879.3639922304437, 1791.6588425684254]
[2062.0161402072686, 2409.1949288756396, 1466.5470519497114, 1848.8482709363996, 1731.0704180804412]
[2011.4609150653778, 2309.706447025203, 1471.481757658126, 1863.8572226965396, 1726.3911515170805]
[2082.7119638824774, 2327.329000649811, 1475.538704972012, 1877.3741744662186, 1758.23713101894]
[2034.8131106984779, 2369.5942329706554, 1464.2282879352804, 1833.3105195692774, 1722.7708447089228]
[2073.5171434293698, 2285.3121746880215, 1477.9015796288236, 1841.941222219026, 1699.2808797701362]
[2074.6026455060473, 2216.863612019208, 1472.0839105133773, 1818.0036606701924, 1717.2788586722552]
[2132.475143991495, 2288.5458025286407, 1466.5750634882338, 1835.5644436799696, 1740.3288232632133]
[2052.402010981498, 2200.5931109598973, 1442.4623388871785, 1851.6337007044308, 1699.9496066567576]
[2069.3256302032064, 2165.339141446485, 1429.5176352319527, 1763.7647624958126, 1686.4448189875957]
[2366.6336661009636, 2783.6165388333256, 1511.1547090580766, 2266.9144227875427, 1872.2137278118716]
