[0.33611546175342333, 0.5516309696353872, 0.6449438762325146, 0.6657049719217207, 0.12828202132589328]
[0.07652358302719686, 0.4317837648966997, 0.622286107403654, 0.5115518530920073, -0.025694334510728334]
[0.3854728865282858, 0.5855548460515037, 0.7459168458584418, 0.7224067304086647, 0.22571378301045997]
[0.528031660778615, 0.5650239583566944, 0.725313245064902, 0.6840256708968291, 0.2878161664754174]
[0.4699780982580506, 0.634706028149807, 0.7008880468317649, 0.7251567420587234, 0.2430610587318608]
[0.47020691247062085, 0.6509127334522187, 0.776453082032633, 0.7788908192091697, 0.4173454899683805]
[0.6665106910119716, 0.7306885517393586, 0.7767557030816894, 0.811403965122999, 0.4035594955639473]
[0.5699271569041201, 0.6076333527800388, 0.7663431625453647, 0.7334596621120939, 0.4440485874704284]
[0.3349480425159359, 0.5895071901487065, 0.5606668774833297, 0.6226811107996841, -0.023367693374778842]
[0.26001539517872085, 0.47672653809918386, 0.5384258682576399, 0.5192008429737716, 0.04003925642256656]
[0.18083714518546445, 0.4281282140192312, 0.5574370286835231, 0.4744412540524663, -0.1377399901505738]
