[48.126023552647645, 41.6518570065936, 37.28746943553855, 33.40504954630579, 51.37293950629249]
[47.566990518785275, 42.354318471961435, 35.94525133416002, 32.81000365759706, 51.43496023131753]
[45.28243022071655, 40.681474465427875, 34.92034450557554, 33.01696089071101, 50.01721708566755]
[47.08238270121644, 42.14785511274971, 37.45237821406679, 34.24543204569176, 50.51373813778957]
[47.33807344565816, 42.48149174984878, 36.693343240447646, 33.09637822447861, 50.31334025291874]
[45.73365656776748, 42.75633401707955, 33.958620149809484, 32.05186410608124, 50.06213133544121]
[45.5597241987028, 42.276833476377476, 32.28399410880933, 31.3257025154781, 49.697331434253435]
[44.40029782944195, 40.80696754786827, 31.8568460165522, 32.16220013971979, 48.40569730908046]
[45.80209347836987, 42.44303018526826, 36.06328777631018, 33.28358352764007, 50.19593853291178]
[48.71885049344906, 45.26634729883226, 37.61528118615778, 34.114745138504205, 51.527338801525296]
[47.73433940045699, 42.623745320649064, 37.87746235322467, 33.66491906490534, 51.59713352108465]
