[-0.10179819296291504, 0.5191014371399203, 0.5323423736409303, 0.48469103374174993, -0.5918407506466961]
[-0.10537320150340368, 0.4295644778050579, 0.5570661784773032, 0.49365925804522226, -0.5320497415489449]
[0.16005103913459007, 0.5503902878943454, 0.6053602971141524, 0.5634128677016488, -0.23271693695701523]
[0.19330858999929967, 0.46799021258113316, 0.6273653888735422, 0.5624899136452912, -0.36946130588994874]
[0.07342366518676025, 0.4913829453450165, 0.6190180045392428, 0.5563193957615071, -0.28138990607852543]
[0.2441150119681097, 0.5680733504780636, 0.7163594726757222, 0.6398589153139365, -0.011527386946582396]
[0.4214067780234595, 0.6723761890122328, 0.7666890733536975, 0.703190790096383, 0.1425800114048308]
[0.2757108629656557, 0.6066507582888045, 0.697312092076996, 0.6282088923099811, -0.11703367839317913]
[0.005450408302669407, 0.4959320387721895, 0.4973619964942665, 0.45415878568654344, -0.4921430919345471]
[-0.24963016829193552, 0.4043964563591882, 0.45003688561563715, 0.3641079489317143, -0.9159617311847243]
[-0.3521534103682591, 0.3714854786176355, 0.44112631971736926, 0.36481281522081044, -1.0482262314237718]
