[45.67652876927188, 39.79162253947669, 34.89836758778312, 34.72723532228034, 51.18461987642865]
[45.61109269796809, 44.388646511500234, 37.74147594089403, 36.61064255196071, 51.803107740868995]
[43.47583597418619, 38.73682349301047, 33.20583058368123, 34.85645926933195, 50.271531364422344]
[43.4351066401953, 43.1661727569901, 34.3599108943086, 35.07706497393984, 49.853859414518226]
[44.96626228263217, 41.53679465761267, 35.64785661013925, 35.30551081943004, 50.65724468007725]
[43.272090600045445, 39.920268436352515, 32.00397045687942, 34.58826054466129, 50.12820780756026]
[42.743859314358176, 40.18239294200421, 31.353078657611327, 34.014631286258, 50.038261209499844]
[41.18886559499925, 38.06301010025811, 29.604880576807098, 34.17433591834898, 49.07806726486737]
[42.02655142948203, 37.65954297612133, 33.41156899303677, 34.35712429937483, 49.41074271376202]
[46.10226004875243, 42.0225317853623, 35.869611717292855, 36.861286959730016, 51.85022311341398]
[46.62795547645019, 41.11903973444208, 37.46236750714351, 35.43638027153939, 51.54919597063353]
