[1.2412454420600436, 2.390423730164539, 2.3036051044708956, 1.384483894276651, 1.1048681897646264]
[1.4639434278251087, 2.6910012956226765, 2.375970301449503, 1.6735249149288496, 1.1984818095930156]
[1.194213329164142, 2.2982148189536007, 1.9487111248738347, 1.2616166599779453, 1.0412936803802577]
[1.046568894441678, 2.3544515402116213, 2.0261816965284987, 1.3460117449152684, 0.998661997794129]
[1.1090683139822881, 2.1576367988321223, 2.1143477252113683, 1.2553519259588286, 1.0295629192425375]
[1.1088288918124958, 2.1092307371236076, 1.827863967751557, 1.1259687491468031, 0.9032917103156213]
[0.8797359662741014, 1.8526120965523916, 1.8266263361917368, 1.0398943727567054, 0.9139154785705302]
[0.9990389018230902, 2.2361613121355317, 1.868739543435615, 1.2362446387681527, 0.8823499946982232]
[1.242336307455392, 2.2872301382210014, 2.562456502622955, 1.470879932539072, 1.1971217454521386]
[1.31045686991288, 2.5823876890463366, 2.6265172605092326, 1.660369694849039, 1.1594424720192507]
[1.3787848892256196, 2.699643534960522, 2.5718584700294316, 1.735935493910868, 1.2622459329813485]
