[1.599051376464648, 2.475619114942693, 2.643769201477859, 1.718924488683673, 1.4930428689657746]
[1.601643499362342, 2.6962513079466164, 2.5729358020513264, 1.7039011108818203, 1.4647344677000698]
[1.39616850938772, 2.393728715649058, 2.4286219518580143, 1.582189197275738, 1.3138753050589407]
[1.3682488944120497, 2.6038556153588797, 2.359940882206089, 1.5838607043755657, 1.3848328318216976]
[1.4663984457751857, 2.5459656919209315, 2.386226995248397, 1.5949907585585237, 1.3395629207462996]
[1.3244612293851452, 2.3461841038633273, 2.058939903202232, 1.4370083224589545, 1.1901762818491752]
[1.1587721813575271, 2.0433596663796636, 1.867355769194394, 1.304552723068935, 1.0957696572704934]
[1.2964846389444633, 2.2389595442205965, 2.12694894019863, 1.4600658674317335, 1.2507070619258724]
[1.5192337907518685, 2.5345545042056403, 2.7408621234373904, 1.769115189972792, 1.4455319819258836]
[1.7029509545165955, 2.7550895800357993, 2.866990869120688, 1.909477948479183, 1.6380074911524962]
[1.7714315427515914, 2.830184484965504, 2.890123206000666, 1.9084193569937535, 1.6936022825047634]
