[-5.443313132266433, 0.1396568082340759, -0.48556188178002624, -0.12735029083071314, -0.32350717008912233]
[-5.424865010247444, -0.07061231689750413, -0.737473868485933, -0.252948336125012, -0.35568553645941137]
[-4.837393055528292, 0.18466433638289514, -0.34495953217011843, -0.13575589524944998, -0.2767079521385736]
[-4.826460924642179, -0.012454508859604418, -0.4400732374564824, -0.15017773330719408, -0.25558148552596216]
[-5.2444850850913145, 0.0625364539819997, -0.5500559202151931, -0.1652080067724031, -0.29637444742200714]
[-4.782808482890364, 0.13408485476866927, -0.24936185851381132, -0.1183452687209825, -0.26943857006226746]
[-4.64248635447378, 0.12267597509417427, -0.19905997316213564, -0.08155845450574861, -0.26488707117780597]
[-4.239413996401932, 0.2127825902464614, -0.06907247653561188, -0.09173850861897637, -0.21680850551086506]
[-4.454696145076972, 0.22938311554347923, -0.3616775034720625, -0.10344851234012409, -0.23336067692778717]
[-5.563983583316429, 0.04048259157151124, -0.5694008111105737, -0.2701629753720929, -0.3581526732277931]
[-5.714532807851811, 0.08129864360117767, -0.7118707115653977, -0.17386233596432876, -0.3424283816263165]
