[47.61823019988983, 41.11463629795571, 36.79185923623003, 33.53295318832722, 51.189558519612845]
[49.43157741439888, 43.70491187248472, 38.63949204367591, 33.731200601848755, 51.96741821882409]
[45.42538940682335, 39.857218786421946, 35.16101034096128, 33.43047736214257, 50.03508086033115]
[47.08629943917515, 42.69873262315289, 37.39075984399925, 33.75650292472234, 50.383880358771975]
[47.9777771266052, 40.76856030012525, 37.4602250295421, 33.911603848395345, 50.4918941948151]
[45.84015920640682, 42.36669405556549, 33.72948154447164, 31.714933265622932, 49.944477716939105]
[45.16709276038306, 42.984180795429275, 32.51094580797366, 31.645122637552483, 48.98210082883897]
[44.79410963254085, 40.85293945792157, 32.37315747333766, 32.38370000854555, 48.592680355344896]
[45.4109035098875, 41.539314707710574, 35.21092347595717, 33.317390136868305, 49.85779910064693]
[48.357368010472044, 43.69442395712516, 37.73611059780725, 34.741987236672415, 50.530350419523366]
[49.20611778447121, 43.642703267510875, 38.95621790232788, 34.12009112036849, 51.684238948358995]
