[44.863705768690615, 41.730458647022516, 36.17086608432012, 35.21584910623147, 51.90769258008288]
[47.72500874292745, 42.961792016487735, 36.7090805324036, 36.36358043780644, 51.513176622331734]
[43.94707864320246, 38.88389624161947, 33.12285661533153, 34.99125320498431, 50.1147346448858]
[45.039661946798375, 41.09530113829506, 34.92004405154713, 35.9165760175993, 51.90171353279769]
[47.20551874995036, 42.79273025364827, 36.1720170945403, 36.70027128508103, 51.120691726354984]
[42.2635391135027, 40.25538424632213, 33.75948121323957, 34.72331496364562, 49.44144849744845]
[42.10532006916881, 38.927416143222096, 29.946043625825702, 33.65524471679642, 49.2460022762232]
[42.419912575920215, 38.5562150277986, 31.186251381427276, 34.52144355847546, 49.63068957070165]
[46.623373209135345, 40.09461627089217, 33.37727435057125, 35.6053574753411, 49.92888163102764]
[43.44614592731765, 41.20528284616468, 34.769641376823536, 35.83414394382997, 50.13879357071092]
[46.34784179776196, 43.92948124201432, 37.18777819039818, 35.36479392558706, 51.68438221160877]
