[1.2883532951190038, 2.4458611548590175, 2.3706310109240225, 1.405149992452499, 1.1322756041655508]
[1.3209658890573133, 2.586439618333849, 2.194495619134785, 1.4024037060109111, 1.067429538150383]
[1.2189019097623737, 2.2500983196526314, 1.9460317693193456, 1.2737404639298437, 1.0634043924911336]
[1.109488496337339, 2.3980592440215416, 2.027181795841176, 1.376073308927659, 1.0258491343377922]
[1.0884598944802897, 2.204122869678606, 2.1017123896156384, 1.3316498387462647, 0.982429890546252]
[0.9745320175380814, 2.275273809596993, 1.7607508722947087, 1.2127404759615035, 1.0347131569339028]
[0.9052611990036613, 1.9758293855718378, 1.9165048507512032, 1.1292683663747787, 0.8664328656729463]
[1.1144608036778916, 2.1766092401770663, 1.9062749437885373, 1.2863971257644966, 0.9493165117877035]
[1.2981354760905057, 2.334129357121578, 2.331647840206639, 1.4011521279155912, 1.0668379589194719]
[1.4146967363966112, 2.5406122936568267, 2.6900395182817447, 1.7805658641898257, 1.36642288709155]
[1.5054582347976964, 2.5920930637552937, 2.708223020385003, 1.723472554498283, 1.346196449278621]
