[0.2847676230715175, 0.5305931490448281, 0.623981800494819, 0.6556504876362852, 0.08449786062573172]
[0.24809940791429053, 0.47508315163859616, 0.6777815683346636, 0.656995195689634, 0.18635774229600655]
[0.35980137710110094, 0.6027272147498657, 0.7466150623230392, 0.7170458990163786, 0.19248246270083313]
[0.46957641328456934, 0.5487620258296222, 0.7250420138785957, 0.669754245080391, 0.24851199003612656]
[0.48949255049968454, 0.618796020198111, 0.7044523490348561, 0.6907325715657562, 0.31077948163869606]
[0.5907681331202657, 0.5937876154358894, 0.7925675162556399, 0.7434985368125988, 0.2354691650874856]
[0.6468777906783187, 0.6936734039960755, 0.7542458905816493, 0.7775930129202893, 0.46392580946299466]
[0.464811444414985, 0.6282536085114694, 0.7568624578775962, 0.7113947522777199, 0.35645764905927146]
[0.2738651879479662, 0.5725004456246332, 0.6362467702795299, 0.6576071531940139, 0.18725934837684466]
[0.13760957905027726, 0.4935196332204146, 0.5158295686102639, 0.44706995680678063, -0.3332921389425689]
[0.023404668595661815, 0.47278591491752997, 0.5092618811688497, 0.48196053612213696, -0.29411223923674346]
