[-0.21598279355635586, 0.4834383769757462, 0.49188273001090443, 0.4626307562698214, -0.6996772501612887]
[-0.15819839047138995, 0.41798997770719815, 0.5217080514720038, 0.4769668902116304, -0.6513378900218474]
[0.05801825937106719, 0.5286825015247119, 0.5825353796128819, 0.5155416643220674, -0.36903327732693225]
[0.15701359370449575, 0.4820716424888446, 0.6054823760823546, 0.5332885088071966, -0.455915773062727]
[0.215581248042926, 0.5655368186733082, 0.6414861992145378, 0.5737421525202779, -0.12236287976672977]
[0.273521841732956, 0.5815856598718434, 0.7108419799115364, 0.6304444894375077, -0.18134999409299213]
[0.3152382805472047, 0.6461823265301183, 0.7407276359568431, 0.6698538346918035, -0.014972886542865549]
[0.1795544763750564, 0.5512585669567928, 0.6595614485784453, 0.5488341776827459, -0.19654177281668028]
[-0.10914611867825563, 0.4765998300137989, 0.4889166556033697, 0.4230497281694665, -0.5409365095911387]
[-0.31767874521880324, 0.3517676966699017, 0.37774561011599894, 0.31062007402958125, -1.0507086614162886]
[-0.3536098152772895, 0.4014386038378991, 0.44345174646853747, 0.35042303213562165, -1.1102402931036996]
