[1.6798677959344617, 2.5657725629866093, 2.7557607261995756, 1.755332331737615, 1.542786035386849]
[1.639467712791516, 2.7234682671537978, 2.6736592907292462, 1.7317593465698253, 1.5206891292768128]
[1.4785384803865118, 2.450833848411041, 2.497867320549847, 1.6666759386161114, 1.384616398422692]
[1.3986906618412396, 2.5691646203922596, 2.4282462843919816, 1.6358640043162875, 1.4278763288308483]
[1.3492280867211972, 2.353063117879017, 2.3147946374347943, 1.5633605293460848, 1.2536869805602984]
[1.2984423455725067, 2.309193721320488, 2.0788691270911377, 1.455669526819366, 1.2862096397022187]
[1.2606110991241837, 2.1234735166739647, 1.968510076684919, 1.3758658074876824, 1.1922015684876959]
[1.3798639375510862, 2.391416233407113, 2.255687305375283, 1.608388819650419, 1.2944533414494228]
[1.6043745772381437, 2.582700326336383, 2.763792235999826, 1.81883013188554, 1.4689764754790438]
[1.7487034223741005, 2.874235985391258, 3.049604452500496, 1.9881642749819333, 1.69462828635416]
[1.7723852907658215, 2.761922192376964, 2.8841041575304267, 1.9299153396967568, 1.7190496649253384]
