[0.15536070094709709, 0.314692393264976, 0.5324763511608468, 0.3471172847505358, 0.3788401005486125]
[0.1689040380596779, 0.31513858210075474, 0.5335365658966829, 0.3243974302333231, 0.40075157394192684]
[0.04164247032575119, 0.26855898298756686, 0.4988484528195616, 0.2722218558271713, 0.3621420113608571]
[0.08053209200435818, 0.30571397447015414, 0.5152833025183213, 0.2859676072221209, 0.3178927352427148]
[0.22290353711532196, 0.3676088904580992, 0.560998665976041, 0.3762870657648456, 0.37544749617068796]
[0.2726765316304387, 0.3500061983396504, 0.5504896371266492, 0.35750814098223815, 0.3720329257242141]
[0.26889875999961566, 0.4240906927595296, 0.5807699392001646, 0.3702209228351778, 0.38215294163434765]
[0.2233381773101074, 0.3273160702218497, 0.5794031872408412, 0.38204635558312183, 0.3698313831984774]
[0.1554372309869565, 0.333220859393061, 0.5331836412051808, 0.28699681413385825, 0.3070560009820612]
[0.07115240253253707, 0.32005444445219766, 0.5273016295111645, 0.32914083516837545, 0.32542843958100465]
[0.15754197883886367, 0.3627927884519361, 0.5305373715055562, 0.36032471416846235, 0.3300136844247856]
