[1410.3830955447738, 1495.0972251767996, 1586.890277534021, 1757.7333812491877, 1800.0696970669835]
[1409.6982436303324, 1495.479694843331, 1583.9146677362166, 1757.9757572683661, 1798.0807832548915]
[1411.0011131748122, 1494.2548085407245, 1586.3335851071033, 1758.511435257474, 1799.0224538610798]
[1410.6925350618658, 1495.436711242567, 1585.445744969413, 1757.793407915973, 1798.8554270964257]
[1411.1793989609548, 1495.4114431000555, 1587.0952997712486, 1759.7475216674777, 1799.1207363282101]
[1409.9354677266413, 1495.2474686624214, 1585.894805751669, 1758.6123906141656, 1799.7539864709804]
[1410.4667339552577, 1494.8326454804433, 1584.662789851475, 1758.3522725333448, 1799.9564497255624]
[1409.8549360855507, 1494.9771172682542, 1586.466766827968, 1757.8964840118579, 1798.8068980970759]
[1410.8628962882653, 1495.2939941229763, 1590.7119653293312, 1756.417944894354, 1799.893122496098]
[1410.00016913338, 1494.800744483957, 1586.5975383807079, 1757.732019279385, 1799.0116556823095]
[1410.5310664602134, 1494.3287862369173, 1586.2199404097244, 1758.0475960551391, 1799.2968421367875]
