[7.368748212986832, 6.665773770153396, 6.130487402212121, 6.89097377705187, 7.759982145650834]
[7.3094325201011205, 6.663603446874711, 6.123532329323484, 7.009848923636031, 7.621886329418677]
[7.849136011378064, 6.886482515253158, 6.347135212785864, 7.275494493256141, 7.863592794766401]
[7.688229924232122, 6.709296824325122, 6.24219314909682, 7.206459810133731, 8.1317750092411]
[7.067983729439636, 6.403253148782233, 5.940542843988201, 6.735275842373489, 7.781144732099585]
[6.837886306845149, 6.4917591906030365, 6.011226144256479, 6.835917713221205, 7.8023863815670005]
[6.8556215495301185, 6.110613883322642, 5.80522986037953, 6.767949754666612, 7.739261268408319]
[7.066006845199123, 6.6040951246367126, 5.8146851139406595, 6.704107362645849, 7.816051315063318]
[7.368414376182383, 6.575046011724292, 6.125848413474878, 7.2012642385153764, 8.19611579633749]
[7.727345063644638, 6.639645058670112, 6.164321269696206, 6.985197507049973, 8.08673162416234]
[7.359227179388287, 6.427589534735611, 6.143186857230102, 6.820917515129872, 8.05920091295933]
