[-0.024370925107401797, 0.13725891948314972, 0.14392109394281283, 0.18064954944354294, 0.0562764863121874]
[-0.032541691868708034, 0.09286279104037409, 0.08400660725963693, 0.18100353730015706, 0.049353023179307676]
[-0.08773272424722744, 0.08344258176651109, 0.06436878178066785, 0.17716044296906108, 0.023099527676972542]
[-0.02153729179093511, 0.14323954335134748, 0.14111820401208364, 0.1595742544818458, 0.024588583109269813]
[0.143803586636837, 0.23792786718537828, 0.21730300375171618, 0.2759175742346551, 0.1676939720458297]
[0.14815973779112268, 0.254186067417439, 0.20180536422897788, 0.28588603052016015, 0.16748919118023664]
[0.13191734357688323, 0.23299197397037463, 0.17628926207836593, 0.23123330137551612, 0.13922079278174893]
[0.12521564782569694, 0.20874118034270595, 0.15737321956460892, 0.2582984306871515, 0.0970671416005493]
[0.03338254801060869, 0.15002306058846493, 0.13406231977446958, 0.20962542556156027, 0.04229232568543073]
[0.019973668180470305, 0.19375521991036693, 0.1328760500902454, 0.17638252864092296, 0.03241829644542438]
[0.05273785603351533, 0.2853878271845448, 0.13213333790067416, 0.29008907172735887, 0.12484777150287085]
