[-4.336459928978508, -4.67544667612455, -9.269175491690588, -6.533797215336274, -8.634205136604086]
[-4.331278645266594, -4.678350786718982, -9.230699724886485, -6.535875047723525, -8.612927051895985]
[-4.341137734479403, -4.669052785938285, -9.261971755470636, -6.540468304949098, -8.622998436106812]
[-4.338801835568794, -4.678024373118856, -9.2504881168721, -6.534311783087802, -8.621211661652326]
[-4.3424875691340725, -4.677832493494873, -9.271829166453609, -6.551072667292837, -8.624049893646674]
[-4.333073091953399, -4.676587393558719, -9.25629562446488, -6.541334119641701, -8.63082598532034]
[-4.337092872271263, -4.673438144415658, -9.240366432844088, -6.5391033923994195, -8.632992945987484]
[-4.332463888379774, -4.67453484425409, -9.26369492951436, -6.535195425283991, -8.620692552145929]
[-4.34009138623224, -4.676940659432498, -9.31869730239301, -6.522525286852727, -8.632315129561908]
[-4.333562568608841, -4.673195995035746, -9.265387060316225, -6.533785540300182, -8.622882917208926]
[-4.337579741441005, -4.6696141277438965, -9.26050147593833, -6.536490959723256, -8.62593407407304]
