[0.24324984613075573, 0.34487397771540207, 0.5664387400686419, 0.3201267167072682, 0.4460971506778557]
[0.2785666238117249, 0.41959808443952495, 0.5667224518862742, 0.37444965093281424, 0.4573435147865239]
[0.05579144042378281, 0.3699921741899934, 0.5522435084358503, 0.32272761403643047, 0.45473705223466876]
[0.24896071953173282, 0.4174805603192311, 0.5400960920578186, 0.36236848920087694, 0.4141556989632782]
[0.30238581513233953, 0.4606922139584462, 0.5879328430566271, 0.4366852673475973, 0.4408726922713102]
[0.39410337820388386, 0.4597861176478366, 0.5961403805892621, 0.3612582151381871, 0.40179400007444566]
[0.48080883451339695, 0.5244266977521845, 0.637482953728512, 0.413576063855849, 0.4410073665181521]
[0.24088620647966363, 0.46847967037226723, 0.6121673188480752, 0.40535170352242866, 0.4360373664405529]
[0.27133111584861236, 0.4508132131860615, 0.5928109590729084, 0.33147751391480795, 0.33481323303484223]
[0.1161305333532684, 0.5134234297609808, 0.6351589635546013, 0.3666076581208685, 0.40214091089372495]
[0.3580953001953501, 0.5076465755080866, 0.6232136948458339, 0.41435759187065313, 0.38987108369723633]
