[617.9297281409741, 582.9209320914855, 458.1798751538471, 579.670081641653, 563.3830339788511]
[620.3892530139062, 597.7311680742805, 473.94209288854904, 579.5448493083081, 565.4458382765837]
[636.7538284907988, 600.8267361126623, 478.9955332422205, 580.9029985390238, 573.2004676597847]
[617.0744720993872, 580.8969797768195, 458.92932610602753, 587.077872088933, 572.7634462881289]
[564.9332932009098, 547.8572990090073, 438.10271549728856, 544.9291506050581, 529.0818899944823]
[563.4943284087399, 541.9817435601244, 442.4187393430796, 541.1651259592685, 529.1469737378538]
[568.8411521345864, 549.6286540126694, 449.4345704679035, 561.4916711396021, 538.0557292265675]
[571.0326893776256, 558.249950954153, 454.5657818355486, 551.5192003058099, 551.0729643722672]
[600.2577605258133, 578.5927443359085, 460.8105680161246, 569.3279667047326, 567.5418088587289]
[604.4067974577927, 563.511611788576, 461.1260979507496, 581.1775271560031, 570.4600031793914]
[594.2176650558122, 530.5234883087243, 461.3235383910095, 539.5702152687404, 542.5292749929639]
