[6.9748413561267375, 6.517337613290882, 5.9036207057566905, 7.031969839332759, 7.327837266387919]
[6.810142355399071, 6.134401712009101, 5.901688797612105, 6.745189373194548, 7.253064094986601]
[7.790979140345071, 6.391175832821644, 5.999487570495164, 7.018506332676325, 7.270462019921893]
[6.948473425895034, 6.145581824392324, 6.080324565839933, 6.810012315235709, 7.536160189764582]
[6.696775288375596, 5.913248618370677, 5.75542253699311, 6.400863510838312, 7.362314548699216]
[6.241045381289768, 5.918213987208592, 5.697816102928074, 6.815938693865744, 7.615254095227495]
[5.777257458909245, 5.552857479423242, 5.398305131914285, 6.530837173162072, 7.361427833039267]
[6.98572550225742, 5.870400533718219, 5.583614337194532, 6.576473906109564, 7.394080619588092]
[6.8442078061462075, 5.967162072010733, 5.721254313712005, 6.973021776878505, 8.030282375120523]
[7.5379307044807815, 5.6167279658280345, 5.415580961908617, 6.7873370440455165, 7.613045661044344]
[6.4238198449616855, 5.649971736625227, 5.503522763207723, 6.526483894272768, 7.690769949517748]
