[1240.2535566548172, 1287.9397476583933, 1242.416627912094, 1257.8165479108561, 1107.5389707839392]
[1239.7149854359923, 1288.8123498766622, 1242.4723180383153, 1257.842693398517, 1107.7791298687696]
[1239.6314299518285, 1288.1694086297937, 1241.4515234092885, 1256.5396504532487, 1107.7936543756198]
[1237.9442811834851, 1288.2905451587876, 1241.4030779361813, 1258.5353613873451, 1107.215039125583]
[1238.0824111280922, 1287.2841996821828, 1241.6916993223842, 1256.8542729743776, 1106.8349548384751]
[1239.1740247628102, 1288.3074906441109, 1242.8853963720449, 1257.169384633646, 1106.6243409735957]
[1239.4430473255286, 1287.3937127775505, 1241.3018723923049, 1258.5542372304576, 1107.5898075058108]
[1239.5985783522049, 1288.3665959646428, 1241.914507991639, 1256.8397537297337, 1106.919716732306]
[1239.1629414825475, 1286.6349626242593, 1242.8234569439949, 1257.313631684298, 1107.996059379787]
[1239.8352564263366, 1287.5274387382601, 1241.9934308196712, 1256.6930884031317, 1107.4382516223213]
[1238.5200305331489, 1287.4640893478168, 1241.7774082375436, 1257.678595281213, 1107.3453270191192]
