[6.006820409953809, 5.722060301566828, 5.829874021874443, 7.8628823267179, 7.299056122634048]
[6.400234936547582, 6.01897732632664, 6.002238788944824, 8.066647779870275, 7.777754851018495]
[5.591732820636498, 5.561474155080747, 5.66746120423865, 7.441430384406709, 6.82625968951516]
[5.47072045165013, 5.288658620897058, 5.407460119318, 7.4410291338818215, 6.688449389127008]
[5.385256964243679, 5.408922901980911, 5.448482818163747, 7.311324372422218, 6.457309570702815]
[5.043965518561682, 5.1638851163963775, 4.808205302650432, 6.665052588295836, 5.965521689563626]
[4.640429311274538, 4.905319453554534, 4.447677621386768, 5.9750358193591735, 5.402986161148061]
[4.888884891941502, 4.986540473205454, 4.994866385997651, 6.710910279682466, 5.7753737816758335]
[5.203199993811954, 5.224081005906379, 4.8735335489863125, 6.842647825043813, 5.678030491818938]
[5.028870504070964, 5.032894268216414, 5.050032282104976, 6.678645825358041, 6.194775271648783]
[5.081753563711787, 5.0666219783123605, 5.109075685604587, 6.856868480636835, 6.598743067838946]
