[180.6429952500687, 176.77982182041518, 164.50305833495025, 167.90027883648355, 217.77230403456755]
[179.45105805677562, 173.6219982527021, 163.89169734623823, 171.01794850487443, 220.76917589197615]
[181.50184100508804, 175.83767676179596, 165.31946098069588, 170.33990693677043, 218.5239012170743]
[179.18807072410624, 174.72491977250155, 166.9161390509338, 169.89048630878685, 215.31284309855545]
[175.97691217283065, 173.1449284626238, 165.88339260876492, 168.07085523769425, 212.1254416388219]
[175.00040630797096, 172.72234511099347, 166.55031793010798, 167.26294196131133, 212.42575791319666]
[170.8853850226663, 169.69973658161646, 160.365262509514, 163.62605015329407, 201.63481218434958]
[169.65096819802335, 168.72940889342078, 160.58462799318517, 166.29305292527079, 195.5165967352376]
[172.55740761381705, 165.9478012356455, 162.2049984907641, 166.79471245761508, 202.4508504984684]
[174.90343041123245, 168.92239751592183, 163.70405279219605, 169.83648513203707, 211.24536568338632]
[173.82667546934235, 166.99216900320795, 159.91238232018534, 166.31738441070257, 206.0505674580015]
