[0.512058626410384, 0.5187361125752232, 0.5117309363839637, 0.34304041755128545, 0.29252387626989074]
[0.4460504916941712, 0.4674948297016952, 0.4824320126862064, 0.30854919256731383, 0.196683139114469]
[0.5771647618855931, 0.5453698215743858, 0.5385570872872483, 0.41157929543786453, 0.3812089925309621]
[0.5952681374483884, 0.5888791682933462, 0.5799243398717696, 0.4116427503756548, 0.4059414210446828]
[0.6078147905560792, 0.5699687698961468, 0.5735265105661729, 0.4319753228629136, 0.4462909820732427]
[0.6559492040231006, 0.608049197781322, 0.6678709415018715, 0.5279562410281029, 0.5274201067705407]
[0.7087977866230468, 0.6463179612058974, 0.7158108649615494, 0.6206359915217144, 0.6123443732516125]
[0.6767801882999063, 0.6345086434214257, 0.6415829849139412, 0.5214382712717512, 0.5570664515274528]
[0.6338834282349102, 0.5988579224648825, 0.6587844707593498, 0.5024651847038596, 0.571871812206452]
[0.6580053959386352, 0.6276820045228473, 0.6336221777249713, 0.5260288305842417, 0.49039991256186244]
[0.6507748200968895, 0.6226751399731363, 0.6250049448792745, 0.5003950435870699, 0.4217697349509928]
