[-45.670507306942554, -64.0038491471003, -59.962826833172876, -56.87989357559231, -59.03544020830906]
[-45.6299834407755, -64.09196152707793, -59.968292155407426, -56.882299830739505, -59.061479237121674]
[-45.62369802906533, -64.02703373814545, -59.86815223567705, -56.762437377144046, -59.063054224521316]
[-45.49687390442994, -64.0392643026654, -59.86340178212972, -56.94606655717672, -59.000327158119944]
[-45.50725073484503, -63.9376934173651, -59.8917060803431, -56.79136704739234, -58.95914045726761]
[-45.58929750254781, -64.0409752973648, -60.00883851878041, -56.82034895372991, -58.9363240025259]
[-45.60952861208925, -63.948742772765186, -59.85347839350071, -56.94780475079016, -59.040951662264675]
[-45.621226903006026, -64.04694336928048, -59.91356080846011, -56.79003183746717, -58.96832420209941]
[-45.588464108816254, -63.872207760936945, -60.00275789635944, -56.83361827669294, -59.08500447365154]
[-45.63903149842677, -63.96223636687782, -59.92130308574139, -56.77654515496433, -59.02452150581371]
[-45.540133961621024, -63.95584393327185, -59.900112582850966, -56.86719816993825, -59.014448671826244]
