[0.50844625807199, 0.5838013721960552, 0.5739099067146227, 0.3532327464655738, 0.3419678575439694]
[0.4296041522052625, 0.49935322700721807, 0.48937467931425405, 0.3541592369929465, 0.26094552184132447]
[0.5827832411349294, 0.6289310029694178, 0.6270456593060307, 0.4891269202293379, 0.5443265483754142]
[0.6287710115839438, 0.6636168851138764, 0.6723569630671444, 0.5055141451123015, 0.6114714599459627]
[0.6334173897134827, 0.6755871737716875, 0.7065036437649521, 0.5292929143719469, 0.6289129839967982]
[0.7085807700730535, 0.7385188856271632, 0.7800098334542602, 0.6638789134191262, 0.727511557759976]
[0.7502178463206978, 0.7625036039824677, 0.7759853862848529, 0.6936408501597926, 0.7700766159023982]
[0.7229804520103669, 0.7289952896792552, 0.7605266223007994, 0.6221685301268991, 0.7110178794347264]
[0.670057402362433, 0.7006358197845365, 0.7456036350950341, 0.5275678604486764, 0.7155857755934842]
[0.6991496767556511, 0.7071776488380501, 0.7283429201634852, 0.6168881801855474, 0.646128857544358]
[0.6837635941446322, 0.7444197616601298, 0.7530968670810234, 0.5892902883129986, 0.641302758117855]
