[6.02901450573149, 5.321218776958598, 5.446033196941792, 7.8016499808170705, 7.0393792401356245]
[6.49454908101913, 5.836150778636987, 5.96184580205221, 7.796060067912317, 7.460175349486272]
[5.554458138120252, 5.0244453643686535, 5.0951549848096755, 6.933762463615451, 5.857842254364071]
[5.2394025422603026, 4.7838536693618225, 4.775623023281279, 6.821649271034014, 5.409065895500759]
[5.206510579338396, 4.697965261624323, 4.51992181804135, 6.655609275311344, 5.286262056524482]
[4.642158114077016, 4.217751188529234, 3.913192388666744, 5.6241944796336, 4.52986075423558]
[4.297753755218649, 4.019659857069186, 3.948823669636378, 5.369426207545062, 4.16104469414172]
[4.526015466132542, 4.293873172442031, 4.082800749253035, 5.962954757937324, 4.66494251011752]
[4.939466224989462, 4.512951956316628, 4.208089969854473, 6.667793906986044, 4.627926635188741]
[4.716676241424176, 4.463370149527392, 4.348506062231632, 6.004477557414413, 5.162182844874228]
[4.835782488571824, 4.169888364695188, 4.145652220217671, 6.216986675230353, 5.197264598300657]
