[18.143163681030273, 16.27433932924416, 12.891199996400731, 21.05397477482299, 19.17126387493614]
[18.932619094848633, 18.40574451428749, 13.528630411229447, 21.35360788868874, 19.635832090275827]
[18.567657470703125, 16.862956196643733, 13.173569533684999, 21.249429133101437, 19.382834896674176]
[17.934755325317383, 16.59736897826032, 13.100982248708938, 21.396991563466212, 19.273573068435912]
[18.25478744506836, 16.488375515567494, 13.357969780709329, 21.151514020740162, 19.51877117105842]
[17.882678985595703, 15.927233907415577, 13.098474752009992, 21.3448948621772, 18.953147390872697]
[17.977405548095703, 15.690233120484086, 13.464086815855996, 21.526795365674136, 18.990624804628126]
[18.250207901000977, 16.306825300606025, 13.62815879455952, 21.604963650241476, 18.910431470365435]
[17.86759376525879, 15.307556750964281, 13.639446879904146, 21.71381185775379, 18.843298500008807]
[17.980064392089844, 16.206414661967646, 13.922661744590872, 21.55274759840773, 19.069296765742017]
[18.47427749633789, 16.237734716691413, 13.812405259137334, 21.177039107210852, 19.347324626046035]
