[18.764076232910156, 15.871321382959955, 13.360596656799316, 22.076927185058594, 20.81505584716797]
[18.877052307128906, 16.224947263259416, 13.505993843078613, 22.051101684570312, 21.826988220214844]
[19.2227783203125, 16.403427876593742, 13.65045166015625, 21.904008865356445, 20.94042205810547]
[18.238813400268555, 15.957968444087163, 13.408241271972656, 21.529558181762695, 21.521595001220703]
[18.374622344970703, 15.817557601711595, 13.259405136108398, 21.78457260131836, 21.444456100463867]
[18.246463775634766, 15.861915265421388, 13.047191619873047, 21.66473960876465, 20.62958526611328]
[18.08587074279785, 15.672785430069322, 14.824673652648926, 21.922426223754883, 20.743188858032227]
[18.43465805053711, 16.487141416647862, 13.988085746765137, 22.06096076965332, 20.839080810546875]
[17.76393699645996, 15.855706218961, 13.901302337646484, 22.15386962890625, 20.724319458007812]
[17.83897590637207, 16.600478051403474, 14.339223861694336, 21.989788055419922, 20.837400436401367]
[18.134525299072266, 16.80842805583622, 15.947675704956055, 22.21031379699707, 20.675369262695312]
