[-0.3019625567251343, -0.019330808477030725, 0.26517777225004535, 0.2896682146273898, -1.3731085061416217]
[-0.29439378971240093, 0.01798964132766323, 0.24146483803336893, 0.3601207651068813, -1.224968145179381]
[-0.22567995977534094, 0.007229892150328099, 0.28938249670056393, 0.32847915993722343, -1.102600595939236]
[-0.12399770112146258, 0.06878264319512417, 0.2997306212909818, 0.3833994159374897, -0.9784139505973197]
[-0.1334482981025369, 0.026967515238425332, 0.3053573815576309, 0.3649979355869827, -1.0287605144260974]
[-0.09258955988900697, 0.09705427680897771, 0.3041553945667539, 0.41061333884742934, -1.0095093894212277]
[-0.010216626461210021, 0.05022454475063953, 0.34801458787982964, 0.4479662659605973, -0.8068247827563597]
[-0.11211877993932995, 0.027539699304946152, 0.3458158315602282, 0.3676197839508798, -0.8964825825808449]
[-0.029004450260973202, 0.08561226164928248, 0.3490712162274493, 0.37675971201845426, -0.8363087351241563]
[-0.0731038046399286, 0.0855588946190462, 0.29683303800939453, 0.3190724726426517, -1.0245952452707061]
[-0.23097044516689058, -0.06906993217906066, 0.2624542101207116, 0.2527349499828323, -1.4225626665258928]
