[-0.3626865098785341, 0.16814147661958556, 0.290013879749937, 0.3519485927117729, -2.0286952390665034]
[-0.33246317019263616, 0.23937664782412627, 0.23174023786452935, 0.379635177316327, -2.2637330631272974]
[-0.16436696356337888, 0.19245216603770932, 0.285746722517486, 0.42242374241683844, -1.8097237466402172]
[-0.09399062899837629, 0.3871058471378377, 0.356793310222552, 0.48480966064058173, -1.4547155347477334]
[-0.009634490971123455, 0.3142098207488133, 0.37774161893057456, 0.45690160594534024, -1.4909368958065374]
[-0.015903928245277976, 0.35130209769920984, 0.37667433343650647, 0.46987448836353696, -1.0496309986937482]
[0.01547935884299001, 0.2659676244168183, 0.4436644951875719, 0.4931170649388674, -1.0853442613219406]
[-0.042234884625256264, 0.2505024335292356, 0.40482090490013667, 0.5004457082820636, -1.0734131618515854]
[0.016689473853252923, 0.18538474473992372, 0.307168257040212, 0.3751479707159603, -1.0711158421238007]
[-0.08933937075826548, 0.292476288666612, 0.38758156105439834, 0.4495621507172034, -1.212109262112072]
[-0.2939800972093718, 0.13927521862033143, 0.29673010986157056, 0.3392976835320475, -1.9756699441263565]
