[-0.3243327644848213, -0.08121742028108137, 0.23665152526172928, 0.26548999622536895, -2.0097172197508955]
[-0.4013020001156895, -0.018797730811020097, 0.16645662921763382, 0.3011756518807229, -1.9871279138536657]
[-0.32990600995153985, -0.008677859766007545, 0.2618174524364215, 0.300586509602929, -1.7751430624772064]
[-0.24071498336084995, -0.03342716460059747, 0.2262872891221216, 0.334562591142306, -1.6010972287769811]
[-0.17238879137636753, -0.02190548255350011, 0.2673141547397536, 0.32303644383452, -1.636411266839465]
[-0.1731186592511369, 0.023524339049284748, 0.23594693892440788, 0.3882056770296518, -1.3646847531873005]
[-0.1197879878079442, 0.041958117633070224, 0.2885155432426624, 0.38430786574919884, -1.2144407189548736]
[-0.10178255572908523, 0.09648310941519145, 0.3379912907455279, 0.4361801604795834, -1.1717506665742081]
[-0.10783630013588374, 0.023224220719853306, 0.2852177860955193, 0.2921969933302815, -1.3897902043579062]
[-0.17040104288019187, 0.0833219342635485, 0.3112392241007571, 0.3063497675069101, -1.3662622697573643]
[-0.3692086582320908, -0.029496036705596085, 0.24302783796291538, 0.2696566808614371, -2.0285507139565895]
