[17.617980914924495, 9.819377331771236, 10.201421647572072, 10.141340610617297, 13.050892698888143]
[17.421508766737947, 9.389534046497147, 10.611818483493112, 9.922342684805225, 13.547830272083749]
[16.28557490013898, 9.674829985813005, 10.232032005406692, 9.574041518451725, 12.570259477908783]
[15.785740450582152, 8.4285322469821, 9.709817010263913, 9.042208055530411, 11.74932770712739]
[15.16492427836017, 8.915687636834006, 9.550390869576079, 9.283888151044037, 11.835695797078799]
[15.21193554993211, 8.671225101001111, 9.558577683113514, 9.172336786315128, 10.736192059041137]
[14.975128917831503, 9.223947479413718, 9.030341150848685, 8.96900932323945, 10.829323120576195]
[15.407811604329554, 9.320609805628708, 9.340273715615112, 8.903935134646131, 10.798299209101046]
[14.965922813123411, 9.717073395936909, 10.077426924390489, 9.958163042513965, 10.792315350799436]
[15.752147034677677, 9.05586027745864, 9.474578492168181, 9.346409065668372, 11.153616777513525]
[17.168088964947227, 9.98829515251832, 10.153055984720439, 10.239849061136587, 12.936143090652173]
