[17.36827627615928, 11.19478432023026, 10.57784478474458, 10.796661808067858, 13.009939534275954]
[17.865864170878623, 10.866838135338204, 11.053501383148966, 10.531122251200571, 12.961024802788703]
[17.404783732560226, 10.812732471533213, 10.402019308289807, 10.535560435332224, 12.492665737725202]
[16.811024085894147, 10.944581264399767, 10.649412138789467, 10.276476803389421, 12.094578141542463]
[16.341577794643502, 10.88339967603794, 10.36321885153616, 10.365094954043709, 12.176402933981736]
[16.346663708552466, 10.6387333803191, 10.582725442880598, 9.853564452248524, 11.53185192485069]
[15.970777494374769, 10.537836630709538, 10.212180383686315, 9.884903705459454, 11.15949291763544]
[15.841857517587066, 10.233574406114512, 9.850711964706283, 9.459339594503591, 11.051402927974292]
[15.885319443154273, 10.640368154089254, 10.235819942379095, 10.598559490168991, 11.59290614604891]
[16.32771860089111, 10.307839164024568, 10.04777664128662, 10.492063452337906, 11.535697819001133]
[17.660092552173086, 10.923744990575349, 10.533573335612514, 10.765994924617493, 13.050581309980558]
